1.70000000000000071e+01
0.00000000000000000e+00
1.57857140000000022e+01
1.45714290000000020e+01
1.33571430000000007e+01
1.21428570000000029e+01
1.09285710000000016e+01
9.71428600000000131e+00
8.50000000000000355e+00
7.28571400000000224e+00
6.07142900000000196e+00
4.85714300000000243e+00
3.64285700000000290e+00
2.42857100000000159e+00
1.21428600000000309e+00
1.70000000000000036e+01
1.70485500993426449e+01
1.71933780014876980e+01
1.74320839867885304e+01
1.77608833711178100e+01
1.81748872101601009e+01
1.86684281204871709e+01
1.86777913202228696e+01
1.83422931924134325e+01
1.80227455824542631e+01
1.77188974667929315e+01
1.74320067039449960e+01
1.71933780014877016e+01
1.70485500993426520e+01
0.00000000000000000e+00
1.21428600000000309e+00
2.42857100000000159e+00
3.64285700000000290e+00
4.85714300000000243e+00
6.07142900000000196e+00
7.28571400000000224e+00
8.50000000000000355e+00
9.71428600000000131e+00
1.09285710000000016e+01
1.21428570000000029e+01
1.33571430000000007e+01
1.45714290000000020e+01
1.57857140000000022e+01
0.00000000000000000e+00
0.00000000000000000e+00
0.00000000000000000e+00
0.00000000000000000e+00
0.00000000000000000e+00
0.00000000000000000e+00
0.00000000000000000e+00
0.00000000000000000e+00
0.00000000000000000e+00
0.00000000000000000e+00
0.00000000000000000e+00
0.00000000000000000e+00
0.00000000000000000e+00
0.00000000000000000e+00
0.00000000000000000e+00
0.00000000000000000e+00
7.94410929039127398e-15
0.00000000000000000e+00
0.00000000000000000e+00
0.00000000000000000e+00
0.00000000000000000e+00
1.70000000000000071e+01
1.57857140000000022e+01
1.45714290000000020e+01
1.33571430000000042e+01
1.21428570000000029e+01
1.09285710000000016e+01
9.71428600000000131e+00
8.50000000000000355e+00
7.28571400000000224e+00
6.07142900000000196e+00
4.85714300000000243e+00
3.64285700000000290e+00
2.42857100000000159e+00
1.21428600000000309e+00
1.70000000000000000e+01
1.70455748149626629e+01
1.71761321219748773e+01
1.73895349591325648e+01
1.76813548449630886e+01
1.80465801882006609e+01
1.84788469608507562e+01
1.89699377070187154e+01
1.85559728437578180e+01
1.80910017290275000e+01
1.77026281127347112e+01
1.73957456174571554e+01
1.71746331256119795e+01
1.70424598945226897e+01
0.00000000000000000e+00
1.21428600000000131e+00
2.42857099999999981e+00
3.64285700000000112e+00
4.85714300000000065e+00
6.07142900000000019e+00
7.28571400000000047e+00
8.50000000000000178e+00
9.71428599999999953e+00
1.09285709999999998e+01
1.21428570000000011e+01
1.33571430000000024e+01
1.45714290000000002e+01
1.57857140000000005e+01
0.00000000000000000e+00
0.00000000000000000e+00
0.00000000000000000e+00
0.00000000000000000e+00
0.00000000000000000e+00
0.00000000000000000e+00
0.00000000000000000e+00
0.00000000000000000e+00
0.00000000000000000e+00
0.00000000000000000e+00
0.00000000000000000e+00
0.00000000000000000e+00
0.00000000000000000e+00
0.00000000000000000e+00
0.00000000000000000e+00
0.00000000000000000e+00
0.00000000000000000e+00
0.00000000000000000e+00
0.00000000000000000e+00
0.00000000000000000e+00
0.00000000000000000e+00
0.00000000000000000e+00
0.00000000000000000e+00
0.00000000000000000e+00
0.00000000000000000e+00
0.00000000000000000e+00
0.00000000000000000e+00
9.04403495195194806e-01
1.09887080216529287e+00
8.12652836052591088e-01
1.00382996363286181e+00
1.54028737988750812e+01
1.40801482455672495e+01
1.28145404661027413e+01
1.15854737875348128e+01
1.03653437699321138e+01
9.14993424235163388e+00
7.93829371610130696e+00
6.72829169867259935e+00
5.51602076854265455e+00
4.29103858886305201e+00
2.99396123636423539e+00
2.03087306920026522e+00
1.61490194001207534e+01
1.62302683641458785e+01
1.65118698191233015e+01
1.69038809769374616e+01
1.73887360044959678e+01
1.77945606540053056e+01
1.74457343893258958e+01
1.71101507869962077e+01
1.67875628996761961e+01
1.64884008256338390e+01
1.62274296699117677e+01
1.61459997615262374e+01
1.19059754893418424e+00
2.18137810458062287e+00
3.21369739678074451e+00
4.38320332589217365e+00
5.57581254364937262e+00
6.77635175244913768e+00
7.98092783816179452e+00
9.18752412886238368e+00
1.03956137034459228e+01
1.16069628990571179e+01
1.28280899393810923e+01
1.40877770874485950e+01
1.54063758433755158e+01
7.52946605209756981e-01
8.98037017423427564e-01
1.10803987223305045e+00
1.23657545263973834e+00
1.17649177607027022e+00
8.44203761472088865e-01
9.99882169359326056e-01
9.73346594158523648e-01
9.11219986626839451e-01
9.23184176091596531e-01
1.12851191320132371e+00
1.20442742520463364e+00
1.21639009189082259e+00
1.21496658759725862e+00
1.09002895227303798e+00
1.01056737704747013e+00
9.69683727925889527e-01
1.04779258269130171e+00
1.53979447649325021e+01
1.40756354787967570e+01
1.28109190305299201e+01
1.15824960926534715e+01
1.03623880154125700e+01
9.14572278695605156e+00
7.93098537084697686e+00
6.71581255957882828e+00
5.49527197450168803e+00
4.25566871042802575e+00
2.93997810227687184e+00
2.05891255399329420e+00
1.61317458079942568e+01
1.61870731444191591e+01
1.64250288604617651e+01
1.67657400821402440e+01
1.71950719129033871e+01
1.76881090031185089e+01
1.78114157006400369e+01
1.72844853895669281e+01
1.68285539124014605e+01
1.64606836217121817e+01
1.61989134722466659e+01
1.61319427617405111e+01
2.24054540354864473e+00
3.12744652280575242e+00
4.14070577807905682e+00
5.37249867868088327e+00
6.62880919710491234e+00
7.88520057107935557e+00
9.13520284235839952e+00
1.03747772430865446e+01
1.16019863460411230e+01
1.28254521380444562e+01
1.40824018635603014e+01
1.54009993297683110e+01
1.20287458376057477e+00
9.74808617775043240e-01
9.76343546126333450e-01
1.02003567986916388e+00
1.02261899671854084e+00
1.01992121702295635e+00
1.01740546820417554e+00
1.01160009136920581e+00
9.99541510666657085e-01
1.12094496959800582e+00
1.26649843253607530e+00
1.33971442246135330e+00
1.29428098479623754e+00
1.23197136686927555e+00
1.12163897033070414e+00
1.04652574156777312e+00
1.00274999384115171e+00
1.13192614788249091e+00
9.96625715744958063e-01
1.00090148064369844e+00
9.42806525052009459e-01
9.88116761573352931e-01
1.00463694171855211e+00
1.01969621216995954e+00
1.27569614338022341e+00
9.64047016161890702e-01
1.29542980461057256e+00
1.19062855153323666e+00
1.49563690484630385e+01
1.35709955143849506e+01
1.23447634517306390e+01
1.11271781205379163e+01
9.91863015861277297e+00
8.71839004338539425e+00
7.52179945188576937e+00
6.31995025487149054e+00
5.09916181766615306e+00
3.85291320381441516e+00
1.49640175385446028e+01
1.52710851662445730e+01
1.56208599089497291e+01
1.61104771597824126e+01
1.66647264338875374e+01
1.65607961517375024e+01
1.62124853001779812e+01
1.58751684530227664e+01
1.55342683284726046e+01
1.52583823143557744e+01
2.45393916293116687e+00
3.07938516761803749e+00
4.18488684529635258e+00
5.30355615034687489e+00
6.45130182672470998e+00
7.61889452456540806e+00
8.79804891003517930e+00
9.98311814483866122e+00
1.11737448172227243e+01
1.23734859847440433e+01
1.35870444464642901e+01
1.97492377371094308e+00
2.25595132587351133e+00
2.44981972740898390e+00
2.50639810705673538e+00
2.12807017392172781e+00
1.83949415899535973e+00
2.45876278177655072e+00
2.44327611273890444e+00
2.49945238989359497e+00
2.51502502337524403e+00
2.52939472238162733e+00
2.54583792457197067e+00
2.35598014651452070e+00
2.16066756688232209e+00
2.57171533722678847e+00
1.49382210125582127e+01
1.35550718071446266e+01
1.23293637887992560e+01
1.11114496462322077e+01
9.90026399106009691e+00
8.69716008678621222e+00
7.50098627668542406e+00
6.30842628074017586e+00
5.11434188495429165e+00
3.91220288988323306e+00
2.73091709436923402e+00
1.49337789604595059e+01
1.51853897363353596e+01
1.54669978564345634e+01
1.59002047657990460e+01
1.64007421645855587e+01
1.69452383353282556e+01
1.65363749302861756e+01
1.60166161415702071e+01
1.55536293994605330e+01
1.52254566188080549e+01
2.20654539479880496e+00
3.36323320671603598e+00
4.75303192724803125e+00
6.06415455887368093e+00
7.36187980153837795e+00
8.64563479219267528e+00
9.91223257367255250e+00
1.11521486070203224e+01
1.23612914357716566e+01
1.35647818132300433e+01
2.31367095196037242e+00
2.22469645284221418e+00
2.32152830968538382e+00
2.29352991375154902e+00
2.28410167027848754e+00
2.28453674768349790e+00
2.29056616112412037e+00
2.28701605402092589e+00
2.24127734031633663e+00
2.42106647464495639e+00
2.86224719812087836e+00
2.78320000680817570e+00
2.62040217393430330e+00
2.40890254313722840e+00
2.49131370263467211e+00
2.44091148914374356e+00
2.29541309518790326e+00
2.64045992139000063e+00
2.37762141433999918e+00
2.23038768688466860e+00
2.47653155540390424e+00
2.32200477627595081e+00
2.45903865382643971e+00
2.41280342461875996e+00
2.33735870380856747e+00
2.43332493557393148e+00
2.22920180403338231e+00
2.06681821690561929e+00
1.99233146341578005e+00
1.42167810344791530e+01
1.31747269344320852e+01
1.19610027877209824e+01
1.07406357231344884e+01
9.53025486429420887e+00
8.33442020843607700e+00
7.14502528302072815e+00
5.94223368988849643e+00
2.59693397548631522e+00
4.69774762264019152e+00
1.42291408343744816e+01
1.42382482992463899e+01
1.48480661619254164e+01
1.53860153385370424e+01
1.56874445646787084e+01
1.53243230401465826e+01
1.49818601730237901e+01
1.46486895391065310e+01
1.41725203290276500e+01
3.63370769820396822e+00
4.34400279308389248e+00
5.29137415086669272e+00
6.33591528669025017e+00
7.43277537815971279e+00
8.56274027121748382e+00
9.70850703855515640e+00
1.08602208684475237e+01
1.20254582562833292e+01
1.32037251610482773e+01
2.97513005688952648e+00
3.41094946772732843e+00
3.46259032158635760e+00
3.01215239633105725e+00
3.23734612102840913e+00
3.47295193279180880e+00
3.59519298301021228e+00
3.58110132590789343e+00
3.59992703533093961e+00
3.64213084410119947e+00
3.17895023976741964e+00
2.20367522728569254e+00
3.11814967834514967e+00
1.41858640732571679e+01
1.31485001905632028e+01
1.19469924991560070e+01
1.07448807631092755e+01
9.55726377209424527e+00
8.38884922886842865e+00
7.23727834150349292e+00
6.10279168605144307e+00
4.99075227209966599e+00
3.92292027046038161e+00
1.41639478485104586e+01
1.40760279863709901e+01
1.45856283299271094e+01
1.51084191730558306e+01
1.56636375204841389e+01
1.58464168538717267e+01
1.52726026856685984e+01
1.47654530153781227e+01
1.41759124417731428e+01
2.36964379565110450e+00
3.15745823226339128e+00
4.25917200424514242e+00
5.59790163297325805e+00
6.94024021270122837e+00
8.25803178323045550e+00
9.54819069784630337e+00
1.08194608505332077e+01
1.20191957810707066e+01
1.31554207702748869e+01
3.08824999177948101e+00
3.20072720723525084e+00
3.07674638694201974e+00
3.04900159397201032e+00
3.04843604512781052e+00
3.06117472507618649e+00
3.08709019499355364e+00
3.08104630672911206e+00
3.19025270757243051e+00
3.14879550724649482e+00
3.02220897938031241e+00
3.14857262974262131e+00
3.38406712366327511e+00
3.35598972013153141e+00
2.98594483215923434e+00
3.05925472534330645e+00
3.66794556425798302e+00
3.16815898903159887e+00
3.19328838518990521e+00
3.57698335702448622e+00
2.74035645022601715e+00
3.69187083295166252e+00
2.48744857984410439e+00
3.26980193983578715e+00
2.95435951046529022e+00
2.54947084807765867e+00
3.32803808623083830e+00
1.28256009137623703e+01
1.15844991039663974e+01
1.03467315369482673e+01
9.14473663301356154e+00
7.96677496755212111e+00
6.80354321317698574e+00
3.46277475100564969e+00
5.60634203631372596e+00
1.37651948134670263e+01
1.41269843222912410e+01
1.47141087290181876e+01
1.44413165911558146e+01
1.40831665078137416e+01
1.37696543639253939e+01
4.81127703467504819e+00
5.53703012666657113e+00
6.43915173523225270e+00
7.43335068944799726e+00
8.48440056574346180e+00
9.59011025661702377e+00
1.06851195655875912e+01
1.17878107455526226e+01
4.42336427500745177e+00
4.62919593828916565e+00
4.29730768479508640e+00
4.73574523591297858e+00
4.64249179106208043e+00
4.60804384239993325e+00
4.08440226420046315e+00
1.28630042810864182e+01
1.16694699379471309e+01
1.04854464433722736e+01
9.34648020668995194e+00
8.23793588071060867e+00
7.16170810307818240e+00
6.12747697285889181e+00
5.15646991817799005e+00
1.32813532568387878e+01
1.38210755640087015e+01
1.43856890166475484e+01
1.49741898149804697e+01
1.45787459918694555e+01
1.40344464784874052e+01
3.70228955580457075e+00
5.17791378520282741e+00
6.61149214995230672e+00
7.97748830313563762e+00
9.29816048428772035e+00
1.05609792050351228e+01
1.19111402351468474e+01
4.24412986491739375e+00
4.25750854362031994e+00
4.23234513019120140e+00
4.23897342972735292e+00
4.26376393710539414e+00
4.30506355659550799e+00
4.44693254370898128e+00
4.20560059021287636e+00
3.81566844534474026e+00
4.15767864952522093e+00
3.87926797849835436e+00
4.27175478018892374e+00
4.40393230585143414e+00
4.13542014377232725e+00
4.68170067493788089e+00
3.51248039690584646e+00
4.77764134978621424e+00
4.40362003726808204e+00
3.24179012272789935e+00
4.28985531319867874e+00
3.59895204235129462e+00
4.42893382951066261e+00
3.54403572364163733e+00
1.35811708962524378e+01
1.25030181040915682e+01
1.11520818756849476e+01
9.94674867109014116e+00
8.76043076184580549e+00
7.62803757886896605e+00
6.54814938649913270e+00
1.27892850851114854e+01
1.34135495502641611e+01
1.35781284145642811e+01
1.31624341267398233e+01
1.28402403070302586e+01
5.95991547973540214e+00
6.74207695573919530e+00
7.62404085900591344e+00
8.57019095524700880e+00
9.56839491283536603e+00
1.07648740396154121e+01
1.29385157028933477e+01
1.16054025480759933e+01
5.07498604153296462e+00
5.47397508516746178e+00
5.27389746438084650e+00
1.36903104404880462e+01
1.27230121871014159e+01
1.14465680099452225e+01
1.03466175220584908e+01
9.28009568527036066e+00
8.25532946138070223e+00
7.28419101621218701e+00
6.38796773964586695e+00
1.28705969568691092e+01
1.25582427757874502e+01
1.31211043660147340e+01
1.37093567371660026e+01
1.39328468106149739e+01
1.33189706948867421e+01
4.73137666588978334e+00
6.33355134379453588e+00
7.79731619952752109e+00
9.12305621562234315e+00
1.05018318598298190e+01
1.14625760719780665e+01
5.41990858619016880e+00
5.38534505882126524e+00
5.39661143480074834e+00
5.45718470631926778e+00
5.49533841461114303e+00
5.51306394168152636e+00
4.43138669190444201e+00
4.84126058050176233e+00
5.36623077212628541e+00
4.83117399109128787e+00
5.03969838448318175e+00
5.90908970915062337e+00
5.60331410093303717e+00
4.98859323052562420e+00
5.30084096916332559e+00
4.49563906428217308e+00
1.17967072871653986e+01
1.07529050829547188e+01
9.54097078653376762e+00
8.35029476249382618e+00
7.34956125182668618e+00
1.21239989674511985e+01
1.27479749467999337e+01
1.23032517130650554e+01
1.17487746515614155e+01
5.37277962907901152e+00
6.64634830151895173e+00
7.86267333384452716e+00
8.83473179581546475e+00
9.72008036881958049e+00
1.04927729170120916e+01
4.71617660277373218e+00
1.22585932674007339e+01
1.13690074872087532e+01
1.03441480794022151e+01
9.36164704373334544e+00
8.44079773671744604e+00
7.59420137863758704e+00
1.18745764633225992e+01
1.24637971252849997e+01
1.30753502629017113e+01
1.25575899369762780e+01
6.14992083066347472e+00
7.73114027505789370e+00
9.18118212306901960e+00
1.01147263678820458e+01
6.49200812731099486e+00
6.52438545993474417e+00
6.55152107540340367e+00
6.81503611402766030e+00
5.33173447024804492e+00
6.03486469392918767e+00
6.04952249344419180e+00
5.94992660276987628e+00
6.86170564779411407e+00
6.29018354660786105e+00
4.66382731066220302e+00
4.94196456416391605e+00
1.03490455850222460e+01
9.10093716697208066e+00
7.73410743912162069e+00
1.15476808107098030e+01
1.15372235788242019e+01
1.10629483993167721e+01
8.19104755390061534e+00
9.37354372630355215e+00
1.06379213735924054e+01
1.14292704038548081e+01
1.04641213578403161e+01
9.58618076425361210e+00
8.78416141941297646e+00
1.12247617141720646e+01
1.18680403126864196e+01
1.23801352019458673e+01
7.42140622117483151e+00
8.99473880891563482e+00
7.59684700356455167e+00
5.89706468619457080e+00
7.00920712599771267e+00
8.04508367630186783e+00
7.51656842243854495e+00
5.35814781393061246e+00
9.90215739858811617e+00
8.74137877903961069e+00
8.50706220437172611e+00
9.61722731019091981e+00
1.14071443731286077e+01
1.05924856959485787e+01
9.60874573779381080e+00
8.47178554577366683e+00
7.05305707198701093e+00
1.06250691519163318e+01
1.00633653736188595e+01
7.53113717969363439e+00
8.68374513743352061e+00
8.00230786311408515e+00
1.05504230956505403e+01
0.00000000000000000e+00
1.82142850000000323e+00
1.21279671336736339e+00
1.82142850000000323e+00
1.39138673428290938e+00
0.00000000000000000e+00
1.71384878218724235e+00
1.01243838603083725e+00
1.00241832736369862e+00
1.34848114793414808e+00
1.00762138396050727e+00
4.84534865724375763e-01
6.25093956974749676e-01
6.07143000000002431e-01
0.00000000000000000e+00
0.00000000000000000e+00
4.31910374284416143e-01
6.17901594327597170e-01
1.00767606985702463e+00
1.05058448937601212e+00
0.00000000000000000e+00
4.96720162212542504e-01
1.13519103578768377e+00
0.00000000000000000e+00
1.69849496921452325e+00
9.73988035172355104e-01
6.07959184890274895e-01
4.68157390123483785e-01
1.89504102352091430e+00
9.23900294438877556e-01
4.99754211731225473e-01
1.06810089790148099e+00
9.66409856494161223e-01
0.00000000000000000e+00
0.00000000000000000e+00
0.00000000000000000e+00
0.00000000000000000e+00
1.06751060348239779e+00
0.00000000000000000e+00
1.80780137659805606e+00
7.83379065796281915e-01
1.35685294818132030e+00
4.48879665894575730e-01
2.19149295079887363e+00
3.85032130450739252e-01
2.17410413951132231e+00
4.31314695511358925e-01
0.00000000000000000e+00
1.32056331194870680e+00
5.67092640779172097e-01
4.65730980783402582e-01
6.07143000000002431e-01
6.91454710261879879e-01
1.52371488481859774e+00
5.66841937923736050e-01
6.36679052114611732e-01
6.17916747491178309e-01
6.04791800558944437e-01
9.66383110386278332e-01
6.36133683048541121e-01
9.35835002817785977e-01
1.01536143816279556e+00
6.55665741257992485e-01
1.10234530616758497e+00
6.84821948136643988e-01
9.88796611301195782e-01
1.00769392541474856e+00
5.08257738339743192e-01
6.41275206548130638e-01
0.00000000000000000e+00
7.82188210289726960e-01
1.52165123809633962e+00
0.00000000000000000e+00
1.05805355168254001e+00
1.04012433631049039e+00
0.00000000000000000e+00
5.81400878671184729e-01
9.66671458182319587e-01
1.18317930524036963e+00
1.02678779734289205e+00
1.55092687190047185e+00
1.02147032955406636e+00
5.81833666725096399e-01
1.07952691270769097e+00
4.47259722441384067e-01
2.36989289343534049e+00
1.21875596234901029e+00
7.08195494777140500e-01
1.18168962640029163e+00
5.95374239631401792e-01
1.52040059532115523e+00
1.00746318213900432e+00
1.08380137440300839e+00
1.84404311221331674e+00
4.84054270800074904e-01
5.69694601577498627e-01
2.01273642502056394e+00
6.73188652447052283e-01
6.35167187184795257e-01
6.08394987668652520e-01
4.16014263160824738e-01
6.56879060266315373e-01
1.02127967579536882e+00
1.54576644142945940e+00
1.00105778029860915e+00
1.82142850000000323e+00
6.97491855992805387e-01
2.31082776128100775e+00
7.01654965685005516e-01
4.49334425757491274e-01
1.00731735377963716e+00
3.81885711858659105e-01
2.23437375968896479e+00
9.92981235207820667e-01
6.91168910342884191e-01
6.65170309134424431e-01
1.00525966918199372e+00
8.91984409671541800e-01
1.49457967170084105e+00
1.01871882795561297e+00
6.18021088334058888e-01
6.35633744374267673e-01
1.02299287787781723e+00
1.74766578602353229e+00
4.52706315653730096e-01
6.30552625574750558e-01
5.59392475256399235e-01
3.78562250025416935e-01
2.18007436474875904e+00
1.75816830899742715e+00
6.80157556017849552e-01
1.80283681832836429e+00
2.32589748331752810e+00
4.02806818621076479e-01
2.16183065675950425e+00
5.89493598581440903e-01
2.43511892540675845e+00
6.60293515920088780e-01
2.51778155626760114e+00
6.01900538525468987e-01
2.17154526226589795e+00
7.02388931482352707e-01
9.09256720129193563e-01
6.23102439063929037e-01
6.14239092788154362e-01
4.53205109276113682e-01
4.64490884503455492e-01
2.19810871955808063e+00
8.81728710223956047e-01
6.65265435167442631e-01
2.17697287845464205e+00
4.54561824073030030e-01
2.22312643981794711e+00
6.07143000000000654e-01
1.47085349686026490e+00
9.45242684969599178e-01
1.56851991145608793e+00
1.54822090604814866e+00
6.60368491729290130e-01
4.47902057615954752e-01
1.19734665810296215e+00
1.32497446030892307e+00
5.11572808354411768e-01
1.82142850000000145e+00
1.63031093231559709e+00
6.29284222413268202e-01
6.42708826284876356e-01
1.51968454428463806e+00
6.31659977523850613e-01
6.34142838031444778e-01
6.33581073346963675e-01
5.63453341310261924e-01
6.21050705415205684e-01
1.60223313341003903e+00
6.77264554842409994e-01
1.72139349857671609e+00
1.70363956234722824e+00
1.82090888276631313e+00
6.06105164551559272e-01
4.43149419369739339e-01
1.63018296061210166e+00
5.97930836345612060e-01
2.17790020743379031e+00
4.26255739348237961e-01
2.17688305539994831e+00
1.76602133711214027e+00
1.39723789916523389e+00
6.33080976012380003e-01
6.17121823615321197e-01
5.74501815613771671e-01
6.15744251157067546e-01
5.89215237621122045e-01
5.86825497698170495e-01
1.56692911609013263e+00
1.64615015490141348e+00
1.59954215033533265e+00
1.59200592864704649e+00
9.69739041188731554e-01
1.31213679299883546e+00
6.72434450000396811e-01
9.58080707031000900e-01
2.13832962304403340e+00
1.62241846954935443e+00
1.18725947783253138e+00
1.79408243750484009e+00
4.52602163773630717e-01
2.24032994687544207e+00
1.64176771155091217e+00
1.24835218717216634e+00
1.37047469337253980e+00
1.72066581972325783e+00
1.53083613212302594e+00
6.06816467914011448e-01
4.67054443855158208e-01
2.19249229215993324e+00
1.64462013513657812e+00
2.68050000297285695e+00
1.76739536815355924e+00
6.41269535540988422e-01
2.20334692039295144e+00
6.90832035182261550e-01
2.30995344341988584e+00
6.75061498982512886e-01
2.34154319108984721e+00
1.57045040927606472e+00
1.61871678695725341e+00
2.50160491863249268e+00
2.85629904630150167e+00
0.00000000000000000e+00
1.61807660858097546e+00
1.95273631985468210e+00
3.49062113978251654e-01
2.15711188474086368e+00
1.62571081871690004e+00
1.61037148371128169e+00
6.28473630683197726e-01
6.63498703844022764e-01
2.12530014317549609e+00
7.22961763076306663e-01
1.74677232920991843e+00
1.85050447237235738e+00
0.00000000000000000e+00
0.00000000000000000e+00
1.59090693994566235e+00
5.91527330470903223e-01
5.84244331627739699e-01
6.64283267520052734e-01
6.86524028533535557e-01
2.19177248110184086e+00
1.70913159263788916e+00
0.00000000000000000e+00
1.62406717431065473e+00
0.00000000000000000e+00
2.01298716082956508e+00
1.66970083977888994e+00
2.77133245103139103e+00
1.86638734547273666e+00
3.59312645872301828e-01
1.96295854861729246e+00
1.68167683957583347e+00
1.58247271748561236e+00
0.00000000000000000e+00
0.00000000000000000e+00
1.65069625816722665e+00
1.62429099857963966e+00
0.00000000000000000e+00
1.94875387244428011e+00
2.02263308793055696e+00
2.36805537942124822e+00
1.84615434857120486e+00
1.56928541378848907e+00
1.71684790937234100e+00
1.81136324866892018e+00
1.57347307791075930e+00
0.00000000000000000e+00
1.62732309224293581e+00
0.00000000000000000e+00
1.62925041404868387e+00
1.67296350847862785e+00
1.55002702682182192e+00
0.00000000000000000e+00
1.63213978614815991e+00
1.23606551080187832e+00
1.64054138698107455e+00
1.69014815230876314e+00
1.74166690911720967e+00
1.63686304340760524e+00
1.62803685229618234e+00
0.00000000000000000e+00
1.73838364927240008e+00
1.55669175135164428e+00
1.39306125044628870e+00
1.81897705625142692e+00
0.00000000000000000e+00
1.60242344774591539e+00
0.00000000000000000e+00
1.60552617148747734e+00
2.85054410280325232e+00
1.53589382517405992e+00
1.69673657621720331e+00
0.00000000000000000e+00
2.84854231618825660e+00
0.00000000000000000e+00
1.62472219131551032e+00
2.15843678341265655e+00
0.00000000000000000e+00
1.61441920408493678e+00
2.15526101543599902e+00
0.00000000000000000e+00
1.78065088370742752e+00
0.00000000000000000e+00
1.72136720516638375e+00
1.74957627682050587e+00
1.52222681356367118e+00
0.00000000000000000e+00
1.57833301044329022e+00
2.59683530030765430e+00
0.00000000000000000e+00
1.72242187001559466e+00
0.00000000000000000e+00
1.63700550945285195e+00
1.55173031360211389e+00
0.00000000000000000e+00
1.64683739913935345e+00
1.05294817680977704e+00
0.00000000000000000e+00
1.64810329123440691e+00
9.63412451262006142e-01
0.00000000000000000e+00
1.90632845185134925e+00
7.73073452451914611e-01
0.00000000000000000e+00
2.70177560930334826e+00
6.48452252943721996e-01
1.90843754533921950e+00
1.82617437828793761e+00
2.80672483879373669e+00
1.82548979470399231e+00
1.74153655875962809e+00
2.19222099162944017e+00
0.00000000000000000e+00
0.00000000000000000e+00
1.62757633718251093e+00
6.95314060681477053e-01
1.02612969960172262e+00
0.00000000000000000e+00
0.00000000000000000e+00
0.00000000000000000e+00
6.07143000000002431e-01
0.00000000000000000e+00
6.86804610749144673e-01
0.00000000000000000e+00
1.62104795154702175e+00
2.60778128584911517e+00
1.44953178307212349e+00
1.44045817349373029e+00
0.00000000000000000e+00
1.47194838245790183e+00
1.26154106771406482e+00
2.67319136833002746e+00
1.53312281687120300e+00
1.76039176197242520e-01
1.89494719957027963e-01
2.89828749180939094e-01
2.96193986105199092e-01
0.00000000000000000e+00
3.03571499999998551e-01
2.25586865454927205e-01
3.04763619346480552e-01
3.20864474996673255e-01
2.32849215683039429e-01
5.77563716891906331e-01
3.01657079025498431e-01
2.47023813431128780e-01
3.03571500000002104e-01
2.61340810566021764e-01
5.81332922179723877e-01
2.23933374103656352e-01
2.84194183880146667e-01
2.29253070069899839e-01
0.00000000000000000e+00
2.74272626270864628e-01
2.67881926087545019e-01
2.79164356893479404e-01
0.00000000000000000e+00
2.81680813886879600e-01
0.00000000000000000e+00
3.10972450601969930e-01
2.56574761799300277e-01
2.61583916883915080e-01
2.84019451931391165e-01
0.00000000000000000e+00
2.94049025186497004e-01
5.72943123923093323e-01
5.06760455594608694e-01
0.00000000000000000e+00
3.03486830631007176e-01
0.00000000000000000e+00
2.94095149381335574e-01
2.92447526841082328e-01
0.00000000000000000e+00
0.00000000000000000e+00
0.00000000000000000e+00
5.53906865364957701e-01
2.89567869424317281e-01
0.00000000000000000e+00
2.89952190790018105e-01
3.16398911843652153e-01
0.00000000000000000e+00
2.94735608602653576e-01
0.00000000000000000e+00
2.92102207326119301e-01
3.00437964427009319e-01
2.94556279501964391e-01
3.09607770242189606e-01
6.40474566797875355e-15
5.96400209567131467e-01
3.38509571791978159e-01
0.00000000000000000e+00
2.63378941716149062e-01
2.54371549374759975e-01
0.00000000000000000e+00
5.51896822084136374e-01
2.92226965445130438e-01
2.37075380925619139e-01
2.65950687791898788e-01
0.00000000000000000e+00
2.04064287187489091e-01
3.46497599944362689e-01
2.41937823966837634e-01
3.33064342873181873e-01
0.00000000000000000e+00
2.86856717616878365e-01
3.86382892411229029e-01
5.42002332528604969e-01
1.73731190906850047e-01
0.00000000000000000e+00
5.79644805535172614e-01
5.06816249151001874e-01
5.32006637435990748e-01
2.77035874698405404e-01
3.00982141487061816e-01
2.48881540160093007e-01
0.00000000000000000e+00
2.33130948630892620e-01
3.16058125636695886e-01
0.00000000000000000e+00
2.87543637429730603e-01
0.00000000000000000e+00
3.15808770431304342e-01
0.00000000000000000e+00
3.10291585109237766e-01
2.62888178061532807e-01
3.24348259310682285e-01
3.27026656345615785e-01
0.00000000000000000e+00
3.08536813694156975e-01
3.16313449455060292e-01
2.79739399946411227e-01
2.75027419539211559e-01
0.00000000000000000e+00
2.83666497552675700e-01
1.42144565027915726e-01
0.00000000000000000e+00
0.00000000000000000e+00
7.88154239370365328e-01
3.19787524062357276e-01
2.75942722450597255e-01
0.00000000000000000e+00
5.67144530788882162e-01
2.99862569304855608e-01
3.03777914535469984e-01
3.02557519819841469e-01
0.00000000000000000e+00
0.00000000000000000e+00
3.04645763617894416e-01
3.03571500000000327e-01
3.23803195626737983e-01
0.00000000000000000e+00
0.00000000000000000e+00
5.75874141653066052e-01
2.91519687973236852e-01
0.00000000000000000e+00
3.02355224654877519e-01
4.23934808633454507e-01
3.17107010720404814e-01
0.00000000000000000e+00
3.06644947426487291e-01
3.31052463967317745e-01
6.03899611683788473e-01
0.00000000000000000e+00
0.00000000000000000e+00
2.50116375131266999e-01
2.06904917593635190e-01
0.00000000000000000e+00
0.00000000000000000e+00
1.94137400868721666e-01
0.00000000000000000e+00
2.74145314194366663e-01
1.76475009579268316e-01
3.28775831699364307e-01
3.02153315658465260e-01
0.00000000000000000e+00
0.00000000000000000e+00
0.00000000000000000e+00
3.07123801049962009e-01
0.00000000000000000e+00
2.18872412998012134e-01
2.11352398307070061e-01
2.92091045003911809e-01
0.00000000000000000e+00
2.98843995353844538e-01
0.00000000000000000e+00
5.74837325982884839e-01
3.04309567026385286e-01
1.93473654464813821e-01
2.76488393939497645e-01
3.02902843830746948e-01
6.15391334616694374e-01
0.00000000000000000e+00
3.22003038762181226e-01
5.57767139674292367e-01
0.00000000000000000e+00
2.92031320405857941e-01
2.65204958509886346e-01
5.58198540181089942e-01
5.19832170804317539e-01
2.53986209080898084e-01
3.04354139296154735e-01
3.03571500000002104e-01
2.34070153309599988e-01
5.61505750977185913e-01
2.90638507536036372e-01
5.47759432602011209e-01
0.00000000000000000e+00
4.25256555934194536e-01
2.79319564027824985e-01
0.00000000000000000e+00
0.00000000000000000e+00
3.01671142122426739e-01
2.79685161739805677e-01
5.31519746263823367e-01
3.20450826869536520e-01
0.00000000000000000e+00
2.94273708782156196e-01
2.98948805324441402e-01
3.03695753259072110e-01
3.02411351551431229e-01
3.09592691870558323e-01
2.87693425035816353e-01
2.29012528243326230e+00
2.42847141291560958e-01
1.76809996515052387e-01
5.78696045920822133e-01
2.68118107115205673e-01
5.46063688116131818e-01
0.00000000000000000e+00
2.68544512268953928e-01
2.77514135847078180e-01
2.25546129550364793e-01
2.55777183661659913e-01
0.00000000000000000e+00
4.84672907343131842e-01
0.00000000000000000e+00
3.06306311021366240e-01
2.49538527455893416e-01
0.00000000000000000e+00
3.20020896912537378e-01
0.00000000000000000e+00
4.18471451757638335e-01
1.83543443860258781e-01
0.00000000000000000e+00
0.00000000000000000e+00
0.00000000000000000e+00
1.71875657770770046e-01
0.00000000000000000e+00
2.57733927023379772e-01
0.00000000000000000e+00
0.00000000000000000e+00
0.00000000000000000e+00
1.69854440698466003e-01
0.00000000000000000e+00
0.00000000000000000e+00
5.71319069972087479e-01
0.00000000000000000e+00
2.46875261126051820e-01
1.91424549944827188e-01
0.00000000000000000e+00
3.26990098384027150e-01
0.00000000000000000e+00
3.03207959337685351e-01
5.74695889619694200e-01
2.96787903823618693e-01
3.04526371940134211e-01
0.00000000000000000e+00
5.28107970014023098e-01
2.78323878343780862e-01
5.56831164507553544e-01
5.05456138128171362e-01
8.13673341484957180e-01
0.00000000000000000e+00
0.00000000000000000e+00
3.04251208106635973e-01
2.47840143905906418e-01
0.00000000000000000e+00
3.15312644599466285e-01
2.09157074821337413e-01
0.00000000000000000e+00
0.00000000000000000e+00
3.17691169949130270e-01
0.00000000000000000e+00
2.97220899342040268e-01
0.00000000000000000e+00
2.91465304948844317e-01
5.74865118846491829e-01
0.00000000000000000e+00
2.65908591139860262e-01
2.82978030541693792e-01
0.00000000000000000e+00
2.13464128955044297e-01
2.58999252613323128e-01
2.59999228043557851e-01
0.00000000000000000e+00
4.43941109065719319e-01
5.49813273377437350e-01
0.00000000000000000e+00
1.91684809563200775e-01
3.88122911633175249e-01
4.75689492225500610e-01
3.04667120574385386e-01
0.00000000000000000e+00
2.23191024903129226e-01
3.05864806928766386e-01
5.41723104268539535e-01
1.72917115753035755e-01
0.00000000000000000e+00
3.04672610957448853e-01
2.04990213626364326e-01
2.81558985248342108e-01
6.82309837778032668e-01
5.60349518171347261e-01
5.64779438775161347e-01
5.81370839990406618e-01
2.97176045195615690e-01
1.96394543171566127e-01
0.00000000000000000e+00
3.00138613555340272e-01
2.53177984875746220e-01
2.89702429738666334e-01
3.33088158049014482e-01
2.30585557751703446e-01
1.83075327242889385e-01
6.30190376621316495e-01
3.01991341292899951e-01
3.77090294363467526e-01
0.00000000000000000e+00
6.18480427358228724e-01
0.00000000000000000e+00
5.16885507387042198e-01
0.00000000000000000e+00
2.82286966083684143e-01
5.84690492334781320e-01
1.74097887676966212e-01
2.88151693550556032e-01
5.78949976173610326e-01
5.80589232945420752e-01
2.90008294191140104e-01
3.04052039428534038e-01
0.00000000000000000e+00
5.56696475146782777e-01
5.47376321991993930e-01
2.22636208745358222e-01
0.00000000000000000e+00
6.99683066906138906e-01
2.85888863292090900e-01
2.67583700147540626e-01
0.00000000000000000e+00
0.00000000000000000e+00
0.00000000000000000e+00
0.00000000000000000e+00
0.00000000000000000e+00
6.43622791781322201e-01
0.00000000000000000e+00
3.65585925917282539e+00
2.97472750693221100e-01
2.99157722693165651e-01
0.00000000000000000e+00
6.25186066002765828e-01
2.27883291989753012e+00
0.00000000000000000e+00
5.96707205202475999e-01
0.00000000000000000e+00
1.70955495868267304e-01
0.00000000000000000e+00
5.11753413218755560e-01
1.05685497807457307e+00
5.67237647539235779e-01
