3.95836655778886604e+00
2.99999999999999989e-01
3.84000380541183794e+00
3.70819138704113138e+00
3.56140076302891817e+00
3.39793004640721197e+00
3.21588384711732500e+00
3.01315157449189686e+00
2.78738227920132342e+00
2.53595839746036766e+00
2.25596499393709893e+00
1.94415517411500738e+00
1.59691382243466107e+00
1.21021478779363778e+00
7.79574794096232648e-01
3.95836655778886604e+00
3.96283925695484696e+00
3.97606781756268290e+00
3.99750398159584641e+00
4.02629781598429837e+00
4.06137990671597660e+00
4.10155412233675154e+00
4.10348209874962944e+00
4.07586918784770980e+00
4.04893599506417701e+00
4.02274570365293549e+00
3.99749728360542456e+00
3.97606781756268335e+00
3.96283925695484740e+00
2.99999999999999989e-01
7.79574794096232648e-01
1.21021478779363778e+00
1.59691382243466107e+00
1.94415517411500738e+00
2.25596499393709893e+00
2.53595839746036766e+00
2.78738227920132342e+00
3.01315157449189686e+00
3.21588384711732500e+00
3.39793004640721197e+00
3.56140076302891817e+00
3.70819138704113138e+00
3.84000380541183794e+00
2.99999999999999989e-01
3.02330408182436505e-01
3.19724127767807065e-01
3.46430756036357257e-01
3.80157845825176866e-01
4.15207345501415748e-01
4.45444257970695923e-01
4.66119653061841277e-01
4.75338879495526334e-01
4.73602677944753581e-01
4.63243242955933665e-01
4.47799802603490948e-01
4.29916512190974320e-01
4.10807275357254698e-01
3.90968554310214877e-01
3.71170637439564022e-01
3.52163660876742446e-01
3.34757861420378000e-01
3.20036978268336381e-01
3.08992303537463653e-01
3.02241795285741410e-01
3.95836655778886604e+00
3.84000380541183794e+00
3.70819138704113138e+00
3.56140076302891906e+00
3.39793004640721197e+00
3.21588384711732500e+00
3.01315157449189686e+00
2.78738227920132342e+00
2.53595839746036766e+00
2.25596499393709893e+00
1.94415517411500738e+00
1.59691382243466107e+00
1.21021478779363778e+00
7.79574794096232648e-01
3.95836655778886559e+00
3.96256576281529060e+00
3.97450202732948332e+00
3.99371937946087430e+00
4.01942091594758821e+00
4.05067399415898599e+00
4.08639854385654289e+00
4.12540675741060259e+00
4.09256326625537081e+00
4.05437994632879750e+00
4.02125935442792048e+00
3.99427065806624748e+00
3.97436537989077854e+00
3.96227926613734427e+00
2.99999999999999989e-01
7.79574794096232093e-01
1.21021478779363667e+00
1.59691382243466062e+00
1.94415517411500671e+00
2.25596499393709848e+00
2.53595839746036722e+00
2.78738227920132298e+00
3.01315157449189686e+00
3.21588384711732456e+00
3.39793004640721197e+00
3.56140076302891861e+00
3.70819138704113138e+00
3.84000380541183794e+00
3.00508303796761744e-01
3.02172551021517743e-01
3.05184623074446659e-01
3.09699491093331003e-01
3.15798171275232020e-01
3.23482034102698435e-01
3.32754808444090222e-01
3.43639759678485313e-01
3.56111751418615785e-01
3.70060554030432642e-01
3.85323632014670292e-01
4.01716080474549986e-01
4.18816251184442490e-01
4.36021405524592232e-01
4.52336893234661586e-01
4.66062694708304082e-01
4.74604626993676948e-01
4.74654993276606263e-01
4.63539342541764710e-01
4.41708148910132603e-01
4.12761579103208320e-01
3.81575436758735009e-01
3.52782210028967591e-01
3.29640816356717936e-01
3.13644362816581701e-01
3.04493819712902292e-01
3.00587883821808233e-01
6.62179051984961298e-01
7.36735345453913726e-01
6.26786997328054651e-01
7.00249639695441184e-01
3.79996675918534299e+00
3.65069819274999086e+00
3.49052374052869840e+00
3.31679547063244051e+00
3.12455861459164019e+00
2.91124071597061507e+00
2.67443645713739997e+00
2.41116151263908707e+00
2.11750183184438479e+00
1.78691850492157767e+00
1.39549058596315212e+00
1.07441616709206111e+00
3.87676194655109141e+00
3.88482177047120292e+00
3.91231142800689780e+00
3.94945457632628250e+00
3.99364489211843754e+00
4.03105995142557205e+00
3.99986579996743696e+00
3.96910018858731783e+00
3.93881321736039292e+00
3.91009261261944818e+00
3.88454115198823713e+00
3.87646128102679022e+00
7.70704304084452785e-01
1.12626577023688346e+00
1.46497380199608940e+00
1.81305395243454148e+00
2.13273741028346731e+00
2.42216583450856282e+00
2.68320775725742289e+00
2.91818831699912407e+00
3.12958355873696137e+00
3.31999834986247011e+00
3.49233544219269687e+00
3.65161024481936058e+00
3.80033919057197567e+00
6.12886629110704906e-01
6.84901844900888901e-01
7.94349325474641099e-01
8.75642584196789753e-01
8.88056796832451867e-01
7.86210947165066454e-01
8.56544757357659892e-01
8.49319696987912209e-01
8.20818477272330926e-01
8.08571982449233340e-01
8.58432321736626425e-01
8.67283820344012302e-01
8.53484238250799665e-01
8.36089077915721401e-01
7.72319078668836867e-01
7.27180240659792143e-01
7.00376002290242550e-01
7.21844299317537796e-01
3.79944239527061045e+00
3.65015841368261507e+00
3.49003918388188739e+00
3.31635122221165535e+00
3.12406729500125113e+00
2.91046099767839950e+00
2.67292973812043044e+00
2.40829683149397100e+00
2.11219661790135449e+00
1.77682637486338213e+00
1.37816682332394436e+00
1.08401247495027087e+00
3.87504127058368431e+00
3.88054611007248562e+00
3.90391559383562470e+00
3.93653856358179288e+00
3.97628804199036301e+00
4.02015644049540199e+00
4.03066510797354383e+00
3.98431221165045146e+00
3.94242167705924285e+00
3.90736737418695013e+00
3.88171878920193247e+00
3.87506067804163523e+00
1.14653783227096007e+00
1.43784797224353222e+00
1.74381677170242888e+00
2.08060154499715155e+00
2.38823459409846306e+00
2.66346756449636857e+00
2.90851201356719535e+00
3.12612628472922838e+00
3.31925730110253392e+00
3.49198301512599185e+00
3.65096776385868527e+00
3.79976742538472267e+00
7.76125499336122071e-01
6.92045859199623803e-01
6.95942000755687795e-01
7.17403338522575540e-01
7.24740546172192079e-01
7.31488695939739753e-01
7.39785394223217319e-01
7.48420326325504481e-01
7.56539305002927764e-01
8.14575508293528094e-01
8.82209862395671451e-01
9.24633506038618269e-01
9.24159425899676146e-01
9.15805005473771860e-01
8.87903084059867176e-01
8.70947148867450616e-01
8.60405030587323205e-01
9.05046277102803942e-01
8.42336743849800840e-01
8.22538468987409344e-01
7.71701307732064024e-01
7.58074935517236592e-01
7.38959931396949710e-01
7.26160233623730167e-01
8.10684445242747076e-01
6.86897736551935978e-01
8.09819510043955693e-01
7.73001112515650846e-01
3.75152274548641262e+00
3.58841193955507221e+00
3.42634521265267900e+00
3.24701532816466321e+00
3.04881310347334322e+00
2.82980983848342937e+00
2.58702515238875241e+00
2.31585405238168596e+00
2.00922676997528615e+00
1.66008374965855809e+00
3.75236881857531701e+00
3.78586709033886715e+00
3.82292994333733915e+00
3.87291824624688008e+00
3.92694832103439495e+00
3.91887046829019914e+00
3.88416634577557263e+00
3.84971839202709942e+00
3.81404968341314721e+00
3.78451706545152478e+00
1.21872644637496585e+00
1.42263929132099398e+00
1.75654012040815544e+00
2.06270568449971847e+00
2.34681728499062947e+00
2.60766011923325092e+00
2.84506807326359601e+00
3.05993379720742231e+00
3.25423564653630404e+00
3.43034630200396151e+00
3.59041846191356173e+00
1.06763951871084894e+00
1.18687576720640631e+00
1.28153954172566742e+00
1.33246565574768572e+00
1.24098713630283086e+00
1.15625949596102795e+00
1.35368938949173412e+00
1.32094226315606322e+00
1.32176194369219790e+00
1.31021843064436139e+00
1.29925453803007040e+00
1.29185159414834594e+00
1.21322496206252839e+00
1.13382584568522282e+00
1.26051869016638252e+00
3.74951318441848747e+00
3.58641856205993115e+00
3.42419627416855477e+00
3.24457053950176322e+00
3.04563528309684184e+00
2.82571385091673832e+00
2.58253104785710574e+00
2.31301188559538584e+00
2.01304535488892533e+00
1.67723534722377310e+00
1.31055894847934340e+00
3.74902134993544323e+00
3.77661604640946091e+00
3.80678964409457121e+00
3.85177794494626813e+00
3.90170386457603646e+00
3.95372630402075131e+00
3.91468837106818990e+00
3.86351200380023974e+00
3.81589918953182927e+00
3.78094832354273258e+00
1.13521377177844851e+00
1.51159254899140882e+00
1.91587666265103174e+00
2.25422473684222302e+00
2.55255281906531373e+00
2.81576840420243357e+00
3.04771107282675802e+00
3.25089338878925593e+00
3.42865033247215489e+00
3.58763527794824100e+00
1.17363306264809220e+00
1.14562359188259855e+00
1.18128996241239403e+00
1.17693776233737268e+00
1.18003969336900028e+00
1.18779230944640779e+00
1.19884684824201204e+00
1.20815908024271779e+00
1.20562501367233721e+00
1.27381124308200233e+00
1.43008192256787714e+00
1.42138243915323326e+00
1.38321520206459847e+00
1.32637062607974676e+00
1.36338233365521466e+00
1.35420568607650660e+00
1.30837926297531304e+00
1.41656790390650844e+00
1.32624528366067662e+00
1.26455369587885991e+00
1.32379093521319913e+00
1.24594760335129928e+00
1.26599348696170111e+00
1.23059128081335634e+00
1.19176187923517873e+00
1.21181131062274861e+00
1.14265096512132991e+00
1.08721346064137303e+00
1.06648948071167760e+00
3.66694224755497089e+00
3.53796962772818224e+00
3.37194524925885641e+00
3.18601061521605766e+00
2.98064291501551182e+00
2.75494375467183605e+00
2.50548016858913858e+00
2.22506226004481000e+00
1.26703570749430727e+00
1.90176635284439111e+00
3.66839961116272439e+00
3.66947408261364005e+00
3.73948055397927925e+00
3.79817229650600163e+00
3.83269103788724097e+00
3.79341099370363777e+00
3.75538349713613240e+00
3.71749716449451251e+00
3.66183202668309526e+00
1.59415301737069681e+00
1.80196169058973910e+00
2.05953247122711058e+00
2.31954360537507087e+00
2.56786775461398609e+00
2.79965227860181498e+00
3.01213362905138249e+00
3.20504264635657199e+00
3.38117270399472680e+00
3.54170510315350517e+00
1.40352421622743906e+00
1.56504301913233479e+00
1.61917520771275214e+00
1.51714343233485338e+00
1.60419634600544470e+00
1.65564534511987738e+00
1.67132759630178707e+00
1.65138052806403768e+00
1.64227321905147239e+00
1.72168335265883687e+00
1.48554943651754034e+00
1.14258872092732799e+00
1.45409499380326968e+00
3.66328311272197649e+00
3.53455117454348722e+00
3.36987754815635565e+00
3.18660277175170048e+00
2.98531321071570011e+00
2.76548840369267035e+00
2.52537989621844972e+00
2.26362777914617874e+00
1.98023268822826526e+00
1.68061119127042202e+00
3.66068702241649646e+00
3.65022232856737494e+00
3.70987396013638993e+00
3.76839393053160698e+00
3.82783020867330448e+00
3.84625860795008911e+00
3.78604846573819565e+00
3.73022610072862681e+00
3.66210624604664048e+00
1.19257613944067065e+00
1.44805301355416716e+00
1.77832036221550327e+00
2.13861955754458499e+00
2.45948211932119065e+00
2.73948905212716820e+00
2.98372230360856427e+00
3.19856594370721758e+00
3.38028412470494288e+00
3.53545434610658527e+00
1.42858333751971345e+00
1.46615692470508696e+00
1.43080605930212168e+00
1.42721227807477358e+00
1.43348768442679564e+00
1.44525186221707558e+00
1.46255383984329157e+00
1.47105227979266129e+00
1.51486198802749783e+00
1.51067330937211852e+00
1.41449500504508818e+00
1.57746753085911018e+00
1.64758775497210697e+00
1.63249352314732676e+00
1.51261401601008783e+00
1.52305243813170232e+00
1.69340733518695097e+00
1.52755566526729658e+00
1.51568192145248548e+00
1.61568050541230335e+00
1.31973961588608746e+00
1.63458961715709350e+00
1.22994040436718532e+00
1.48250897409112281e+00
1.38355640911477495e+00
1.25258782339703534e+00
1.50879165884433863e+00
3.49222197636599718e+00
3.31699602445420894e+00
3.12195601932080669e+00
2.91097183437108287e+00
2.68126526942936438e+00
2.42973128364254443e+00
1.54370324329986719e+00
2.14246851996285281e+00
3.61250112227405440e+00
3.65628787637356956e+00
3.72442503000838077e+00
3.69607204106722564e+00
3.65283948310101625e+00
3.61401150515645941e+00
1.93170705788756591e+00
2.12286444250301587e+00
2.34395851434506586e+00
2.56799177062168482e+00
2.78432092033535294e+00
2.99116323717494259e+00
3.17696784409705835e+00
3.34671276920818928e+00
1.83999193660079263e+00
1.93062588025919291e+00
1.89125413419629207e+00
2.02455444785044092e+00
1.97505919411586062e+00
1.99195059868575863e+00
1.84996415661142977e+00
3.49699972640195256e+00
3.32928969976891365e+00
3.14443222354074603e+00
2.94733823363544101e+00
2.73543065156783083e+00
2.50880784896554854e+00
2.26972326866110663e+00
2.02450634239098592e+00
3.55176093879706523e+00
3.61951565266859454e+00
3.68721245151412802e+00
3.75447109449240957e+00
3.70906225805544043e+00
3.64524028004481648e+00
1.61756669358139971e+00
2.03159889682840822e+00
2.38519116737500658e+00
2.68293816273886465e+00
2.93870394837633153e+00
3.15689518852484063e+00
3.36473923256237173e+00
1.77655609734854592e+00
1.78349416973711872e+00
1.78032945165903778e+00
1.78737372512819981e+00
1.80071746911008823e+00
1.81988871140973330e+00
1.86874496265443035e+00
1.81075286925977785e+00
1.77101621486268157e+00
1.85909298843812376e+00
1.77361142047562992e+00
1.87621746473043749e+00
1.89199047013984489e+00
1.80468663860584022e+00
1.94266211749359230e+00
1.56852075181882067e+00
1.95319156986518960e+00
1.81881586079137758e+00
1.47376493156972321e+00
1.78737928547051350e+00
1.58565549273857442e+00
1.83545804858087225e+00
1.57151337488629772e+00
3.59014140833340534e+00
3.44905252490618075e+00
3.25186023891147880e+00
3.05494599956855639e+00
2.83952638753385056e+00
2.61172526406996219e+00
2.37235637673768363e+00
3.48714102778676249e+00
3.56857511904174585e+00
3.59361736791739350e+00
3.53923106041943525e+00
3.49564436294507486e+00
2.22870888034888104e+00
2.41432272209273480e+00
2.60875110875284166e+00
2.80110486779875911e+00
2.98729308441524033e+00
3.18980929298794003e+00
3.50701964222849805e+00
3.31976599017885743e+00
2.09859445522548560e+00
2.20702017861415056e+00
2.16082284946702696e+00
3.60327098718507122e+00
3.47824613470757082e+00
3.29597020269102847e+00
3.12148411314012408e+00
2.93526671011996720e+00
2.73898947655440139e+00
2.53582972409709484e+00
2.33226497819047474e+00
3.49802603238569043e+00
3.45600424294127206e+00
3.53147352763921241e+00
3.60668595311843454e+00
3.63302537861309105e+00
3.55656122336271929e+00
1.91582663937472852e+00
2.32253160740711984e+00
2.64722011620171704e+00
2.90728333275415896e+00
3.14760372234786079e+00
3.29854037307924086e+00
2.09696447473972647e+00
2.09108722718262463e+00
2.09799529647101490e+00
2.11857098652289011e+00
2.13438359045266335e+00
2.14563735596031391e+00
1.93952948785163581e+00
2.02108020110418396e+00
2.13734603185120697e+00
1.95033617711923624e+00
2.01391920727169582e+00
2.25044724014760300e+00
2.14047199424852819e+00
1.98106943510162226e+00
2.14779526896955675e+00
1.85092263918854827e+00
3.34957685583847020e+00
3.18989284763256942e+00
2.98492237660517912e+00
2.76095857201875639e+00
2.55345138302355990e+00
3.39525001676689131e+00
3.48783476254830171e+00
3.42501603862885373e+00
3.34382840556108007e+00
2.08067237103828351e+00
2.41524783209046001e+00
2.67739148374224945e+00
2.85206310934848739e+00
3.01417171053667365e+00
3.14562163971171493e+00
2.01853510367632927e+00
3.41431812803644119e+00
3.28424604017379362e+00
3.12112022329234806e+00
2.95021212111115849e+00
2.77597555744992386e+00
2.60281615203096228e+00
3.35989247899245180e+00
3.44403336287471085e+00
3.52700806962076552e+00
3.45582033367061436e+00
2.28340649591934852e+00
2.63673564278482564e+00
2.91996897534215449e+00
3.08395868607251877e+00
2.36137894668681536e+00
2.37195495241184906e+00
2.38217127210358148e+00
2.44751092337865384e+00
2.07703818587423950e+00
2.25040889185929238e+00
2.26602644055740443e+00
2.25005242890556145e+00
2.44228529222580804e+00
2.30988383615415582e+00
1.89412147801653097e+00
1.97114366556655352e+00
3.12540676508635062e+00
2.90652646830179950e+00
2.63744035924917908e+00
3.31114773553747099e+00
3.31614798111335718e+00
3.24184505048904059e+00
2.73978705068382533e+00
2.96366163209478772e+00
3.17853798349021321e+00
3.29343628295079949e+00
3.14106908059168122e+00
2.99071559641784290e+00
2.84281598771942701e+00
3.26341646376210104e+00
3.36067365105057059e+00
3.43139046345347731e+00
2.57658168519020947e+00
2.88781382022825461e+00
2.61185247637471019e+00
2.21543656733206751e+00
2.50103527614202292e+00
2.69697948428859435e+00
2.58686855444893204e+00
2.07994749537782520e+00
3.05160273842300445e+00
2.84114778059455109e+00
2.79883844185687192e+00
3.00419837505980203e+00
3.29399857972099497e+00
3.16219206054022184e+00
3.00213408495520806e+00
2.78978710571482358e+00
2.50286776978550263e+00
3.16985718029877317e+00
3.07827243303215914e+00
2.60104976938631660e+00
2.83435529077577364e+00
2.70263599776066288e+00
3.16186016779782397e+00
4.75740581507028359e-01
1.00068692966440964e+00
8.61153340642829224e-01
1.00068692966440964e+00
8.62683540974699459e-01
4.57163362159559383e-01
1.01819854076794902e+00
8.51513835449445144e-01
8.09557911276296505e-01
8.36639110238907358e-01
7.29937084824163973e-01
4.97600610437920532e-01
6.03329453022040441e-01
5.46237717642790166e-01
3.00122942901388967e-01
3.97882908722628548e-01
4.89632103123371965e-01
5.61551256357357476e-01
7.10072070491255092e-01
7.49468017519501872e-01
4.39056213541211604e-01
5.02956313954221246e-01
7.97945862771324399e-01
4.55955351992670899e-01
1.02989923771630543e+00
7.28717574964627746e-01
5.49061151334913733e-01
6.54505328666638131e-01
1.02684118814349423e+00
6.69548764919545625e-01
5.03660163260895799e-01
7.88709853150770579e-01
7.64603260815642005e-01
3.00057187147919235e-01
3.62793098676793935e-01
3.00557087125324418e-01
3.00145933618649940e-01
7.37634975354834466e-01
3.31867152835021106e-01
9.96452043871806525e-01
7.76780579359577117e-01
8.32699271802586183e-01
6.52364016582111739e-01
1.16517622578036240e+00
6.14783373979393533e-01
1.14630742913347383e+00
6.29053077541884886e-01
3.81014042992252888e-01
9.09641868745886706e-01
5.31899093578431903e-01
6.54644827482198655e-01
5.46237717642790166e-01
5.79395995807023612e-01
8.93753378274831367e-01
6.18674918682881048e-01
5.74297882073474875e-01
5.58242424582976016e-01
5.49236511021357066e-01
6.90337323308554018e-01
5.77728902273798917e-01
8.27116853657259066e-01
7.44221759390263360e-01
6.50317800054962203e-01
7.37492538017431865e-01
6.69392556805883387e-01
8.29753708658285904e-01
8.62182100971474186e-01
5.28928568684973843e-01
5.66484739125815318e-01
4.31289338310272996e-01
6.30699159913438612e-01
9.35513146511267824e-01
4.72173576297166608e-01
8.80663172662294103e-01
8.65983637070856571e-01
4.69278047887645100e-01
5.36288142353694819e-01
8.09355756020447070e-01
8.68844917568193820e-01
8.45864521477672771e-01
1.05562144234346666e+00
8.65348372661311593e-01
5.89807974244625610e-01
8.78177362375853976e-01
6.18810122744847146e-01
1.31150187842787602e+00
8.45713413937447589e-01
7.24771664663129922e-01
9.03772069607185369e-01
6.14106802711331778e-01
9.20936615461519059e-01
7.10259842260776320e-01
7.32729628482429174e-01
1.09830044345793731e+00
6.57033371713405256e-01
6.77796416573773985e-01
1.08653682984491051e+00
7.05211253471904054e-01
5.81364010435738710e-01
6.04868200042193549e-01
6.02526115591034972e-01
6.55642298108818578e-01
7.27938347006941489e-01
9.01770469812701259e-01
7.49508603449888344e-01
1.00068692966440964e+00
5.91670274103412552e-01
1.20549726693325288e+00
6.83994694329339348e-01
6.40388416827670448e-01
7.05995077550071071e-01
6.21034822651137297e-01
1.20386235883894477e+00
6.97705352999959838e-01
6.96541608679438595e-01
6.05827829298139942e-01
7.52097565697060655e-01
6.57277197555298787e-01
8.83133047994312248e-01
7.35467365643670323e-01
5.72669576922314350e-01
5.70609293435831888e-01
7.21527515703534905e-01
9.74454321045186922e-01
6.07664862460866040e-01
5.65711671207355216e-01
5.27402616389697765e-01
6.24060636297137150e-01
1.16656651715767690e+00
9.79493517670388059e-01
5.76223958067065611e-01
9.99122864469974781e-01
1.17610105974290446e+00
6.24415993242197098e-01
1.17185875876233703e+00
6.58255133642911328e-01
1.28523218694120400e+00
6.47477136316222390e-01
1.34328490765584574e+00
5.47270761770816350e-01
1.14411979649214546e+00
6.92573168707786846e-01
6.64828018243875940e-01
5.76937220568672249e-01
5.94236835156594645e-01
5.93625221485404975e-01
6.57123036413023054e-01
1.27420818257084623e+00
6.58080916149720641e-01
6.88905173199275467e-01
1.23722915507449049e+00
6.32759577452542965e-01
1.22597470806301989e+00
5.46237717642789611e-01
8.79477711187115374e-01
6.78354644939393236e-01
9.11136058898444401e-01
9.66395291229013242e-01
5.67945707966050373e-01
6.51987302290222392e-01
8.49512040890331277e-01
9.27405511168050811e-01
6.61826330231641058e-01
1.00068692966440920e+00
9.41408912345429116e-01
5.98967652076678791e-01
5.76860648602474657e-01
8.94544828502423339e-01
5.94324886387346263e-01
5.85352390642171927e-01
6.25218746256228086e-01
5.93771859799744783e-01
6.29491802824383218e-01
1.00505272224637521e+00
6.99258934238371932e-01
9.65072860998382631e-01
9.92035731324763526e-01
1.06662864717672456e+00
5.51493764295519440e-01
6.28687493681587162e-01
9.47098331385681669e-01
6.77151637569000431e-01
1.14059445820465699e+00
6.42431922075304307e-01
1.15563020754862045e+00
1.08271898902363617e+00
8.47799106375766609e-01
5.89712211106870887e-01
5.84095191041399842e-01
5.39259287827778433e-01
6.06194047266409797e-01
6.10168181409596833e-01
5.39394453212149627e-01
1.05593186738901879e+00
9.92898739716005507e-01
1.04484941194622838e+00
1.03141399955576318e+00
7.05557919459171234e-01
8.27576375567105949e-01
6.57389163375624586e-01
6.82639162354966689e-01
1.24152225389118320e+00
9.69682566876501673e-01
8.39828729961782483e-01
1.10100976269754103e+00
6.52684109081340558e-01
1.26341600922862329e+00
1.06377998742146040e+00
8.97976003556682945e-01
9.78915142364594315e-01
1.02319322531641910e+00
9.00376786852432498e-01
5.62294910427714956e-01
4.97021199299616356e-01
1.27475744779265998e+00
9.63650128664777839e-01
1.42637065023087173e+00
1.02276529159226670e+00
5.88695738768378884e-01
1.27357688079646336e+00
6.24376745755851115e-01
1.29923955195154583e+00
6.35228338404074666e-01
1.29884031138898060e+00
9.21742527016608859e-01
9.34986378779232519e-01
1.24457450995132657e+00
1.35442328718806571e+00
3.62912700075126993e-01
9.73691932120438697e-01
1.05531383749103957e+00
6.09044877912970906e-01
1.13657197962316170e+00
9.52523613904491473e-01
9.76919130167888783e-01
6.63898408133945850e-01
6.39485789901560575e-01
1.10696468416516747e+00
6.46454969850372985e-01
1.11906849931380781e+00
1.15813624915363689e+00
4.53780410752061603e-01
4.70561004694276142e-01
1.07089994449444426e+00
5.40294152204332190e-01
5.72134414581692452e-01
5.72228116820534094e-01
6.80479627330458969e-01
1.13959542223027710e+00
9.64262664440528106e-01
3.49682266780130202e-01
9.65121043793109923e-01
4.27450185054474296e-01
1.16426452974184569e+00
9.46540177863860022e-01
1.32361791505660253e+00
1.01659195169759164e+00
5.91026796078868211e-01
1.15501982219773769e+00
1.09504496234106052e+00
1.03842410186298495e+00
3.97131702674994258e-01
4.75900963492762896e-01
1.08824552023316778e+00
9.60435072357958330e-01
4.10214377751918102e-01
1.12644327454616899e+00
1.15945091180400373e+00
1.18983282220087805e+00
1.12921462688481888e+00
9.30134778104010795e-01
1.03853264738206574e+00
1.08044492941827852e+00
1.04497397428667615e+00
3.01184266574939907e-01
1.08269979628362978e+00
3.66641088390167902e-01
1.02924578195851790e+00
9.47712197245536125e-01
1.05055319479378650e+00
3.19443099215845849e-01
9.44778338014798158e-01
9.42820613138024344e-01
9.67956677572285318e-01
1.08887733938798559e+00
9.72445783764595006e-01
9.50863245036051685e-01
1.04253550395110905e+00
3.03498634203526851e-01
9.72421375272363053e-01
1.05825285471298036e+00
8.45976727411154927e-01
1.04999291408958251e+00
3.77535922418971215e-01
9.80334646813507571e-01
3.12549030429816965e-01
9.30057375498040018e-01
1.38246648052155208e+00
9.00921463768051711e-01
1.04921510467407630e+00
3.61524795228879869e-01
1.48068336011945889e+00
3.37995462855374185e-01
9.56199707188181591e-01
1.12364071097180562e+00
3.40364048753531545e-01
9.95180595078531183e-01
1.11845558669941902e+00
4.59661327091366423e-01
1.11293205456156441e+00
3.93397873074584459e-01
1.03315764616168648e+00
9.75135924333962123e-01
8.93208947033285128e-01
3.07247412840461753e-01
9.17059548543552761e-01
1.27310027843651086e+00
4.71179588210275613e-01
1.10419905616637859e+00
3.08289947379130735e-01
9.57907263168416123e-01
9.04987984293425418e-01
3.20732064586702892e-01
9.80835407575980867e-01
7.18807084474460067e-01
3.02007221295732875e-01
9.50213690019566015e-01
6.85041283449336236e-01
4.44378058032772583e-01
1.14301767468386672e+00
6.11259997441030212e-01
3.43198003809685293e-01
1.38723102377984397e+00
6.61994922878774816e-01
1.04022215092357651e+00
1.07680041828496043e+00
1.35278610975215763e+00
1.00429402735086493e+00
1.10525514594827223e+00
1.13346455288523251e+00
3.14008346562233143e-01
3.27917689467175588e-01
9.49510538012477645e-01
5.83264812930107568e-01
7.08600659599760596e-01
4.20485926161385415e-01
3.05057833067034490e-01
3.26991683651581710e-01
5.46237717642790166e-01
4.00934999509723000e-01
5.77711075480343950e-01
4.27834683493287071e-01
1.06942661852381526e+00
1.27458801791497733e+00
8.81954249771790266e-01
8.63666087588544462e-01
3.09319163071410830e-01
8.75235917769764171e-01
9.19733681228993238e-01
1.29745391830316237e+00
8.97235050001186751e-01
4.91356998790285160e-01
5.28242083985772104e-01
4.22914972213480067e-01
5.28278162487214931e-01
3.34780374069827358e-01
4.24775117321674667e-01
3.93043503441385944e-01
4.33096028172392955e-01
4.71738301734263066e-01
5.17487511294650759e-01
5.70514734131642332e-01
4.65015544373372058e-01
4.74753384261265066e-01
4.24775117321676221e-01
5.51225649365098214e-01
5.50858332218378766e-01
4.13371152695263977e-01
4.81104126542152732e-01
4.51272173056322723e-01
3.54443153826016488e-01
4.62023077450284148e-01
5.18091118839696829e-01
4.20097324130625227e-01
3.11074319973971836e-01
4.56779235239507087e-01
4.31752511689199259e-01
5.53541070222869691e-01
5.36263138232729308e-01
5.29881104231690436e-01
5.33095046086601632e-01
4.58979402237634782e-01
4.77298476400895677e-01
5.79894142864749274e-01
5.34604549108829152e-01
3.52849439121050434e-01
4.52977106515468853e-01
3.25650101714198614e-01
4.47898109977073466e-01
4.52075938210695583e-01
3.14123752169914394e-01
3.00280870659571597e-01
3.00030397521082903e-01
5.28376300337211946e-01
4.23626042673869496e-01
3.04295537959615114e-01
4.22233882368936442e-01
5.30412098143506205e-01
3.11368993126147686e-01
4.33655161748378370e-01
3.16901035030138389e-01
4.35253063387936179e-01
4.33493543826723171e-01
4.42265652133085219e-01
4.59060909200620648e-01
3.56802287820569219e-01
5.74937121966127229e-01
4.92415451497311030e-01
3.66317711573513671e-01
4.71737359248567634e-01
4.87044277629486433e-01
4.05891706286939380e-01
5.29167835674193676e-01
5.04688028219819951e-01
4.78901532897652860e-01
5.23130627104417489e-01
4.34526301103752011e-01
5.24914141706362525e-01
4.44525640038472669e-01
4.00782056037564782e-01
4.85480646126916493e-01
4.51966055481875795e-01
4.77854380464614703e-01
6.06523742653043985e-01
5.63981096218430289e-01
5.36575649942049315e-01
4.59729687529163267e-01
5.61737618751091405e-01
5.06458100517942489e-01
5.96859030495110465e-01
4.91188978192182435e-01
4.67600231971554314e-01
4.02674780599769744e-01
3.00229050899336825e-01
3.96149893665617592e-01
5.75363117143497749e-01
4.51633061940683422e-01
4.20617588640947060e-01
3.03509242378132649e-01
4.33965754184031716e-01
3.06886590365964995e-01
4.33400644842396932e-01
4.98566728453902319e-01
4.34904556862970637e-01
4.35146878413925631e-01
3.01257199645191653e-01
4.41829312564301413e-01
4.41778801723744674e-01
4.16664388697117805e-01
4.14039895538799718e-01
3.03103048941174402e-01
4.20440990091998978e-01
4.91302549461859084e-01
3.08424142227448239e-01
4.06649949412419776e-01
6.18272860542563807e-01
5.29850198622679680e-01
4.14905201650516142e-01
3.00808668884840757e-01
5.83872284259913110e-01
4.23884540850404556e-01
4.50836380170163087e-01
4.59968173335992159e-01
3.47623863797099752e-01
4.23133566517202242e-01
4.41342535251786738e-01
4.24775117321675166e-01
4.32972102200653297e-01
3.21413115348158585e-01
3.17571533147540053e-01
5.75242894561695861e-01
4.26316320607708465e-01
3.40767717750654453e-01
5.20958459160436593e-01
6.11078392685657779e-01
5.47556712868683459e-01
3.46611345502567392e-01
5.06985505031843919e-01
4.35939380208860972e-01
5.58179972834381477e-01
4.38643405027070610e-01
4.23451140413614757e-01
5.04939133619198732e-01
5.55314856400480616e-01
4.69511585620996208e-01
4.66444252600735298e-01
5.45485268990465011e-01
4.71685571418056948e-01
4.46219723870634410e-01
5.43487321070432849e-01
4.35295853911277009e-01
4.62460468944675573e-01
4.34960494473239645e-01
3.95957831217281953e-01
3.38902948157559392e-01
5.60198675540320767e-01
4.62998597926369992e-01
4.57248861611542101e-01
5.40941121208905695e-01
4.21067444680299441e-01
3.23405073160349055e-01
4.47353425053881038e-01
3.30781491033558306e-01
5.42299680335029399e-01
4.46826000797721890e-01
5.40452566363378351e-01
4.13942450726299649e-01
4.57553280959327402e-01
5.51730376285951341e-01
4.48420416507467168e-01
5.73711956066099593e-01
5.33415078544784649e-01
3.81392210450242686e-01
4.38120392999277408e-01
4.79220259980802199e-01
5.78473958558510248e-01
5.12934859392803699e-01
4.31333392054777776e-01
4.39541419544107526e-01
4.24775117321676221e-01
5.35268236044396106e-01
5.67626246424410508e-01
4.62363647679029599e-01
5.27180663037828845e-01
3.73757267294945239e-01
4.74013666671982248e-01
4.21938641751725296e-01
4.25230696324785162e-01
3.10759448983022102e-01
4.42608306434782162e-01
4.16885103273282542e-01
5.24029312209394860e-01
4.34448531434707186e-01
3.46373723264236433e-01
4.28521729035121035e-01
4.72803027780797636e-01
4.37689293435445936e-01
4.35680869648166880e-01
4.94982168468327044e-01
4.18683601228354352e-01
1.16342401805629869e+00
5.11774939238590076e-01
5.43319477465657008e-01
5.65966992306508154e-01
4.10758470644518481e-01
5.82580822832894363e-01
3.66444694809284433e-01
4.74103363586897086e-01
4.91266401668436270e-01
4.66867417706803400e-01
4.77991887528552484e-01
3.30285699875388250e-01
4.97629712843389582e-01
3.97530807153227139e-01
5.18202696053524869e-01
4.91673452742303785e-01
3.89328298361308556e-01
5.40242778876009133e-01
4.05947491270322314e-01
4.88510692170495642e-01
5.42117353772291088e-01
4.68805990607640666e-01
4.75619409739331866e-01
4.75545487873308692e-01
5.43975339283004788e-01
4.67410581855879359e-01
5.44763567553462225e-01
4.72975015742154226e-01
3.01637841679503749e-01
3.38869294299257273e-01
5.26726751013730676e-01
3.35324596630001137e-01
4.20408297601526593e-01
5.41082074595984786e-01
3.89308453501772456e-01
4.95071428752658527e-01
4.81526421040648300e-01
4.04975255685159241e-01
4.78532708483151659e-01
3.71389420531141934e-01
4.55220540583336497e-01
5.53753349838487785e-01
4.44593727285234108e-01
4.44945557876019859e-01
3.24956985433913881e-01
5.15522932513866716e-01
4.14533643156553278e-01
5.39901476910171541e-01
5.09828361232164018e-01
6.34141470918545003e-01
4.75873639328284692e-01
4.48002845926855575e-01
4.53112601070423671e-01
4.02121361360595730e-01
3.25516526025542097e-01
4.65342886947359036e-01
3.86662801659506394e-01
3.76073369589922546e-01
3.85982216632680619e-01
5.46150515318400864e-01
3.59552133436289001e-01
5.53513299856869367e-01
3.01176349208159166e-01
4.56965147685299500e-01
5.59061775368767000e-01
3.59467770374489903e-01
5.14642304147386209e-01
4.18938638820958664e-01
3.89017510175437897e-01
5.46897264248677906e-01
5.31002602008822766e-01
5.03950442076027127e-01
3.06168013101067282e-01
4.81415487276959875e-01
5.88857300806829520e-01
3.16963644973962622e-01
3.86742826552138874e-01
4.68441527623886467e-01
5.91608085081101298e-01
4.43129076792502852e-01
4.43488339471699688e-01
5.64266380975454007e-01
5.02909853828485298e-01
5.22344751227178272e-01
5.44415934460877882e-01
3.00006469214710025e-01
5.12104184401893314e-01
3.84681370162961056e-01
5.42351959022930208e-01
5.75873095436586269e-01
5.28165776217589089e-01
5.58489946224293599e-01
5.54350819188826449e-01
4.75260287496454659e-01
3.97130440100614768e-01
4.74111705968658315e-01
4.70217972904545256e-01
4.96346110391987783e-01
4.68127142926421991e-01
4.95390316360378224e-01
3.99522133362505860e-01
3.87175216206300632e-01
5.55326459377727288e-01
4.33298724706960847e-01
4.54491459098587458e-01
3.00772126836584441e-01
5.91802458406092691e-01
3.00005028251632500e-01
5.11585963290556389e-01
3.02791793494037953e-01
4.85797053929029610e-01
5.37365691158841363e-01
5.04845629398959050e-01
4.74045987845777894e-01
5.46813309557655725e-01
5.57888923420303495e-01
4.24708927724586238e-01
4.48786634848512223e-01
3.00139153758522070e-01
5.45412334499620788e-01
5.24538012747032711e-01
3.91898912445648173e-01
4.74970606779521631e-01
7.16983325509102376e-01
4.80022605575726902e-01
4.95208024100747879e-01
4.73130946213614179e-01
4.61999787779428073e-01
4.56094821317308219e-01
4.15673603389602797e-01
3.06211654112869769e-01
6.10632411511708773e-01
3.73999504761980683e-01
1.60693377523549508e+00
4.31004813688070865e-01
4.33013723936139794e-01
4.14507042147487514e-01
5.53908689840015178e-01
1.15959277935125193e+00
3.14321553615094784e-01
5.47132092368543765e-01
4.40238058584798753e-01
5.16395618031272541e-01
3.05175287309328636e-01
5.08422730835803693e-01
8.50348445239228035e-01
6.55742535372120461e-01
