-0.975817860658517 -0.218585230104494
-0.975700998735322 -0.219106278017988
-0.975394277087929 -0.220467694286751
-0.974995448714359 -0.222224829814954
-0.974509374956585 -0.224346780947992
-0.974105610761511 -0.226093474215740
-0.973283575528464 -0.229606362295405
-0.973062364146625 -0.230542047100699
-0.972308630114286 -0.233700508782674
-0.971993338831102 -0.235008402547583
-0.971491871949894 -0.237072863768273
-0.970999902313664 -0.239079881434751
-0.970645045142357 -0.240516519891235
-0.970030248395476 -0.242984191250810
-0.969702050559270 -0.244290673463290
-0.969099290644205 -0.246670964795006
-0.968637596851823 -0.248477777608230
-0.968147712454924 -0.250379725353908
-0.967539692909844 -0.252719098296754
-0.967110743421070 -0.254355676090678
-0.966523192250671 -0.256579264247078
-0.966048195405390 -0.258361924737353
-0.965533312263372 -0.260279509200633
-0.965019360808082 -0.262178628544663
-0.964518418632645 -0.264015567947009
-0.964010090222705 -0.265865653947276
-0.963509703170990 -0.267673405282164
-0.963010468773281 -0.269463980956761
-0.962521528519521 -0.271205285967006
-0.962042818372388 -0.272898544551106
-0.961531862649517 -0.274693423856034
-0.961075413418505 -0.276286173599857
-0.960568777168779 -0.278042486552822
-0.960117066940146 -0.279598315034715
-0.959623935305184 -0.281286158190182
-0.959168561258128 -0.282835059874147
-0.958701069100772 -0.284415646730339
-0.958250207043287 -0.285931006890644
-0.957797741551177 -0.287443013968795
-0.957361666654929 -0.288892089230040
-0.956922536321858 -0.290343347572046
-0.956501686678774 -0.291726795787873
-0.956070348105261 -0.293137321871312
-0.955624497697945 -0.294587541147875
-0.955188507258163 -0.295998168240822
-0.954719118618899 -0.297508662972278
-0.954222406657975 -0.299097974971183
-0.953737658421954 -0.300640115267089
-0.953215297473456 -0.302292237185462
-0.952668545669863 -0.304010924295932
-0.952150318629655 -0.305630120788916
-0.951561203752500 -0.307459388396407
-0.950946041485020 -0.309356794307107
-0.950340882372468 -0.311210872707751
-0.949670950667623 -0.313249238559416
-0.948986934837072 -0.315315393706903
-0.948345367969080 -0.317239756417115
-0.947605558440329 -0.319442804916611
-0.946865132139686 -0.321630877774655
-0.946119468068487 -0.323817776136213
-0.945302955382663 -0.326193688695542
-0.944485833612160 -0.328552142141765
-0.943694843252249 -0.330817234767346
-0.942799387270197 -0.333360638592713
-0.941936980281489 -0.335789703800147
-0.941027740466853 -0.338329412957032
-0.940054891501304 -0.341023167782588
-0.939060981987357 -0.343750595794307
-0.938153182883017 -0.346220457868198
-0.937081599244316 -0.349110407117454
-0.936042409913148 -0.351887207559449
-0.934968961427034 -0.354729532415972
-0.933836816740398 -0.357699314648716
-0.932668585252695 -0.360734403796943
-0.931584113851222 -0.363525843400484
-0.930345764586193 -0.366683457925950
-0.929110806588250 -0.369801445482481
-0.927844215419925 -0.372967977059404
-0.926558069444065 -0.376151756539947
-0.925142507984198 -0.379619994100297
-0.923780931827647 -0.382921388788409
-0.922244463773718 -0.386607228383960
-0.920611958868752 -0.390478707726604
-0.918907145094374 -0.394473901157614
-0.917262504170528 -0.398283188752440
-0.915349255709498 -0.402660825102303
-0.913475192096832 -0.406894425402532
-0.911454248353251 -0.411401450117535
-0.909332110027099 -0.416071044022128
-0.907085775406907 -0.420945835060106
-0.904928080894282 -0.425564529077544
-0.902497899203259 -0.430694255747280
-0.899954861039086 -0.435983082346231
-0.897303991061985 -0.441413125795136
-0.894766735429863 -0.446533861166414
-0.891853765344459 -0.452323845536482
-0.888993122702570 -0.457920547461601
-0.885882499726569 -0.463909685906864
-0.882854014518980 -0.469647515747417
-0.879440974356640 -0.476007954369088
-0.876119051342707 -0.482094812121388
-0.872426211902950 -0.488745848866944
-0.868718014623202 -0.495306986695244
-0.864553032701226 -0.502541593947319
-0.860338793693302 -0.509722630522085
-0.855571896271970 -0.517684006233132
-0.850685977950073 -0.525674202257565
-0.845349236628660 -0.534214065830676
-0.839886587673563 -0.542761936622363
-0.833864331856113 -0.551969452105965
-0.827932532118638 -0.560827711743651
-0.821356400119534 -0.570415343396967
-0.814505889719810 -0.580155285774197
-0.807216011418643 -0.590256140086130
-0.799924941577736 -0.600100064857400
-0.791707670205028 -0.610900126811680
-0.783129384262371 -0.621858800295404
-0.774019678756837 -0.633161540917611
-0.764431942147517 -0.644704432918353
-0.754028328277296 -0.656841898903645
-0.743466008229664 -0.668773724519025
-0.731753123691360 -0.681569780703295
-0.719636673536233 -0.694350817743960
-0.706674325101736 -0.707538972949198
-0.692858836684920 -0.721073250389736
-0.678266880863773 -0.734815649209602
-0.663010741652460 -0.748609882684870
-0.646482174727873 -0.762929090911548
-0.629495315656815 -0.777004277701305
-0.611037722455333 -0.791601479114712
-0.592023990787681 -0.805920339941751
-0.571574837410900 -0.820549940734080
-0.550415179714247 -0.834891088669733
-0.527940870698000 -0.849281129571732
-0.504564458338710 -0.863374025194970
-0.479941778413092 -0.877300341578458
-0.454221913678137 -0.890888575038748
-0.426927321568509 -0.904285940451547
-0.398167320416759 -0.917312806490860
-0.367732145392955 -0.929931755154482
-0.335801917343545 -0.941932626204443
-0.301913036244463 -0.953335470097305
-0.266751076491372 -0.963765460675311
-0.231023018897302 -0.972948284719993
-0.195112850715253 -0.980780798897372
-0.159162805349378 -0.987252349398732
-0.123198798426052 -0.992382011156176
-0.087012142836153 -0.996207251027145
-0.050662366833805 -0.998715837757065
-0.014160330302768 -0.999899737496573
 0.022698056236579 -0.999742365933885
 0.059682304393516 -0.998217422479832
 0.095936064462263 -0.995387498181232
 0.130664821346344 -0.991426600642997
 0.164153205678566 -0.986434855966399
 0.195670097622707 -0.980669777701098
 0.226109393374651 -0.974101915729431
 0.254479905366361 -0.967078061877493
 0.281923775563938 -0.959436806033505
 0.307363733481230 -0.951592105547582
 0.331988950198077 -0.943283275027379
 0.354659812073804 -0.934995410523375
 0.376770416696623 -0.926306673355133
 0.397387255225935 -0.917651006311222
 0.417503562460507 -0.908675285970068
 0.436874579307683 -0.899522429934204
 0.455589849001147 -0.890189805315199
 0.473837417197911 -0.880612344941412
 0.491416061688567 -0.870924941837411
 0.508226949147081 -0.861223181388338
 0.524844173319373 -0.851198328083828
 0.540342124989078 -0.841445415913764
 0.555775765291328 -0.831332243278726
 0.570315212935626 -0.821425929645633
 0.584280760599515 -0.811551595891014
 0.597799252682902 -0.801645840438135
 0.610971858602544 -0.791652315095303
 0.623326514912078 -0.781961671571928
 0.635604485189375 -0.772014856338367
 0.647060768916337 -0.762438431172904
 0.658165918529955 -0.752872913369595
 0.668893964981383 -0.743357830127244
 0.679517762950469 -0.733659055580172
 0.689726637623846 -0.724069862203989
 0.699800510964816 -0.714338326602586
 0.709651106909339 -0.704553267299463
 0.719362140540673 -0.694635235758122
 0.728853987029124 -0.684669165065691
 0.738108801713956 -0.674681700383513
 0.747217825454956 -0.664579206206730
 0.756042208056380 -0.654522864105779
 0.764674164372023 -0.644417118287486
 0.773211451340136 -0.634148288270559
 0.781474822273837 -0.623936777367767
 0.789502765798067 -0.613747002271459
 0.797570742871197 -0.603225422305697
 0.805236603850580 -0.592953633785294
 0.812959589231053 -0.582320106365286
 0.820556061177900 -0.571566050832457
 0.827944301313618 -0.560810336854008
 0.835218837070008 -0.549917715847946
 0.842446195304604 -0.538780482215899
 0.849373562761389 -0.527792147423610
 0.856444331474421 -0.516239389319851
 0.863142054057239 -0.504961181198961
 0.869724521778225 -0.493537492210710
 0.875880148320751 -0.482528720158313
 0.881764647019636 -0.471689630229813
 0.887269641558315 -0.461251106414911
 0.892394870330010 -0.451255354991698
 0.897259033448841 -0.441504503821255
 0.901695378715186 -0.432371881606190
 0.905861391834696 -0.423574242351098
 0.909694553067925 -0.415278003412832
 0.913612564007695 -0.406585886237196
 0.919124002195814 -0.393968359881285
 0.926807366064602 -0.375537090323172
 0.936365280904307 -0.351027150968409
 0.947286483934311 -0.320387760932546
 0.959259505738228 -0.282526460089758
 0.971417194722095 -0.237378671742548
 0.982911154512640 -0.184080586522941
 0.992394798747217 -0.123095748990253
 0.998518725657298 -0.054409139964958
-0.000000000000000 -1.000000000000000
-0.000000000000000 -1.000000000000000
-0.000000000000000 -1.000000000000000
-0.000000000000000 -1.000000000000000
-0.000000000000000 -1.000000000000000
-0.000000000000000 -1.000000000000000
-0.000000000000000 -1.000000000000000
-0.000000000000000 -1.000000000000000
-0.000000000000000 -1.000000000000000
-0.000000000000000 -1.000000000000000
-0.000000000000000 -1.000000000000000
-0.000000000000000 -1.000000000000000
-0.000000000000000 -1.000000000000000
-0.000000000000000 -1.000000000000000
-0.000000000000000 -1.000000000000000
-0.000000000000000 -1.000000000000000
-0.000000000000000 -1.000000000000000
-0.000000000000000 -1.000000000000000
-0.000000000000000 -1.000000000000000
-0.000000000000000 -1.000000000000000
-0.000000000000000 -1.000000000000000
-0.000000000000000 -1.000000000000000
-0.000000000000000 -1.000000000000000
-0.000000000000000 -1.000000000000000
-0.000000000000000 -1.000000000000000
-0.000000000000000 -1.000000000000000
-0.000000000000000 -1.000000000000000
-0.000000000000000 -1.000000000000000
-0.000000000000000 -1.000000000000000
-0.000000000000000 -1.000000000000000
-0.000000000000000 -1.000000000000000
-0.000000000000000 -1.000000000000000
-0.000000000000000 -1.000000000000000
-0.000000000000000 -1.000000000000000
-0.000000000000000 -1.000000000000000
-0.000000000000000 -1.000000000000000
-1.000000000000000  0.000000000000000
-1.000000000000000  0.000000000000000
-1.000000000000000  0.000000000000000
-1.000000000000000  0.000000000000000
-1.000000000000000  0.000000000000000
-1.000000000000000  0.000000000000000
-1.000000000000000  0.000000000000000
-1.000000000000000  0.000000000000000
-1.000000000000000  0.000000000000000
-1.000000000000000  0.000000000000000
-1.000000000000000  0.000000000000000
-1.000000000000000  0.000000000000000
-1.000000000000000  0.000000000000000
-1.000000000000000  0.000000000000000
-1.000000000000000  0.000000000000000
-1.000000000000000  0.000000000000000
-1.000000000000000  0.000000000000000
-1.000000000000000  0.000000000000000
-1.000000000000000  0.000000000000000
-1.000000000000000  0.000000000000000
-1.000000000000000  0.000000000000000
-1.000000000000000  0.000000000000000
-1.000000000000000  0.000000000000000
-1.000000000000000  0.000000000000000
-1.000000000000000  0.000000000000000
-1.000000000000000  0.000000000000000
-1.000000000000000  0.000000000000000
-1.000000000000000  0.000000000000000
-0.000000000000000  1.000000000000000
-0.000000000000000  1.000000000000000
-0.000000000000000  1.000000000000000
-0.000000000000000  1.000000000000000
-0.000000000000000  1.000000000000000
-0.000000000000000  1.000000000000000
-0.000000000000000  1.000000000000000
-0.000000000000000  1.000000000000000
-0.000000000000000  1.000000000000000
-0.000000000000000  1.000000000000000
-0.000000000000000  1.000000000000000
-0.000000000000000  1.000000000000000
-0.000000000000000  1.000000000000000
-0.000000000000000  1.000000000000000
-0.000000000000000  1.000000000000000
-0.000000000000000  1.000000000000000
-0.000000000000000  1.000000000000000
-0.000000000000000  1.000000000000000
-0.000000000000000  1.000000000000000
-0.000000000000000  1.000000000000000
-0.000000000000000  1.000000000000000
-0.000000000000000  1.000000000000000
-0.000000000000000  1.000000000000000
-0.000000000000000  1.000000000000000
-0.000000000000000  1.000000000000000
-0.000000000000000  1.000000000000000
-0.000000000000000  1.000000000000000
-0.000000000000000  1.000000000000000
-0.000000000000000  1.000000000000000
-0.000000000000000  1.000000000000000
-0.000000000000000  1.000000000000000
-0.000000000000000  1.000000000000000
-0.000000000000000  1.000000000000000
-0.000000000000000  1.000000000000000
-0.000000000000000  1.000000000000000
-0.000000000000000  1.000000000000000
0.999393414548688 0.034825320626160
0.985884380706178 0.167427560095689
0.949924454655561 0.312479648053013
0.895275695423901 0.445512546605874
0.821958875735210 0.569546843200900
0.731928487857313 0.681381456060339
0.627736662830159 0.778425771759167
0.510696567972924 0.859761022296706
0.383409818306135 0.923578318945641
0.247419639917079 0.968908417644982
0.107524083349414 0.994202480131622
-0.036251360973480  0.999342703394371
-0.177722785385416  0.984080592001920
-0.307692979821969  0.951485696249963
-0.413093591981576  0.910688576992025
-0.486973411321453  0.873416794357624
-0.533416741444345  0.845852575776002
-0.554380900673708  0.832263069568876
-0.552213582203783  0.833702680594027
-0.537704808718707  0.843133167821536
-0.521722376793749  0.853115327228788
-0.507595209730325  0.861595672609158
-0.494062290134749  0.869426508375956
-0.482008764701962  0.876166394442567
-0.471644796337643  0.881788628917170
-0.462404256668631  0.886669218713907
-0.454758086035497  0.890615002784779
-0.447135310320643  0.894466329307293
-0.438840112733452  0.898565164835635
-0.428925691046226  0.903339776363533
-0.417463967726073  0.908693477279552
-0.404900281431193  0.914360848952393
-0.389928375496517  0.920845188933866
-0.374083249719136  0.927395127375366
-0.356523086142730  0.934286513360470
-0.338154384947969  0.941090650224760
-0.319544420357759  0.947571297274365
-0.300757283036361  0.953700716525151
-0.282343766135256  0.959313294875329
-0.263694685112309  0.964606195835130
-0.245931130292645  0.969287304751786
-0.227670280838540  0.973738282714046
-0.208966094901145  0.977922886112072
-0.190986483329466  0.981592666631859
-0.171896683456844  0.985114983246391
-0.152421777927279  0.988315537474489
-0.131823647462360  0.991273184328982
-0.111255829290779  0.993791799346735
-0.089397844522542  0.995995996676053
-0.067419500676040  0.997724717007950
-0.045384471905934  0.998969593986634
-0.022633234413079  0.999743835539886
-0.000287568504496  0.999999958652177
0.022329971115817 0.999750655108546
0.044066800272656 0.999028586734999
0.066151401842955 0.997809597084640
0.088136628826675 0.996108395034932
0.109618308682547 0.993973755388732
0.131537640353111 0.991311176760524
0.153113159525736 0.988208662368453
0.174317841676762 0.984689438388142
0.196000252495541 0.980603845098358
0.216772952361360 0.976222048063113
0.237964053205489 0.971273962063235
0.259904103182088 0.965634432458327
0.281147275589045 0.959664633832495
0.303273456682135 0.952903568296430
0.325345559822185 0.945595191772880
0.348410115539002 0.937342195460174
0.371347943397186 0.928493782927318
0.394834640710844 0.918752200810827
0.418746638528570 0.908103106877751
0.443190502718033 0.896427452893170
0.468046927738074 0.883703611758462
0.493311461600158 0.869852747224446
0.518036619009625 0.855358440283999
0.542795048172819 0.839865188991107
0.565657605945862 0.824640208112359
0.587314400413825 0.809358879031143
0.608125637384625 0.793840795849863
0.627242126232697 0.778824315926953
0.645556881600249 0.763712192267848
0.662954600212857 0.748659600924620
0.678831442569208 0.734294132197315
0.693897819160385 0.720073479975802
0.707627967292279 0.706585210647518
0.721044963836975 0.692888273912422
0.732733046637519 0.680516188172846
0.744342524784527 0.667798027698043
0.754507651082581 0.656291249719091
0.764188364006523 0.644993135092950
0.772889457547677 0.634540689327058
0.781347848640115 0.624095777445629
0.788321898678802 0.615263020230737
0.795992077247458 0.605307040236008
0.801915215136929 0.597437852610539
0.807708879587706 0.589581517548822
0.812522668990737 0.582929594699197
0.818047926692279 0.575150058362567
0.821855264878698 0.569696343319110
0.825416329561003 0.564524475017729
0.828308214564399 0.560272702962707
0.831922232008097 0.554892241692625
0.834043119159114 0.551699261720855
0.836959613190618 0.547264657992649
0.838902621305812 0.544281537410776
0.841180400810160 0.540754596182832
0.842805561192273 0.538218158392465
0.845344558637610 0.534221468289869
0.846896328358321 0.531758036152905
0.848750974784892 0.528792759785623
0.850335728529740 0.526240580709808
0.852172379031698 0.523261155079808
0.853237382029243 0.521522741505951
0.855304998305956 0.518124849696335
0.856001610064573 0.516973155557287
0.857754285800193 0.514059904282955
0.858673680701885 0.512522692248721
0.859564847058252 0.511026685899791
0.860594643552287 0.509290545257922
0.861407891364818 0.507913816207452
0.862239746227162 0.506500365277379
0.862727407908772 0.505669278919544
0.863380182188229 0.504553922791827
0.863692297378505 0.504019459395210
0.863943114460724 0.503589411103831
0.864488737814885 0.502652188089564
0.864342296693363 0.502903961156444
0.864987621087018 0.501793199800696
0.864747210953166 0.502207388584358
0.865094908126646 0.501608213582423
0.865113408855796 0.501576305080199
0.864969683059027 0.501824119975082
0.865704171813013 0.500555977794238
0.865063414908311 0.501662524200454
0.866333645444278 0.499465729326075
0.865764453811658 0.500451706477460
0.866703453504929 0.498823740095265
0.867119987851584 0.498099314061230
0.866685650126106 0.498854672089466
0.868631592207627 0.495458532088048
0.866843345863790 0.498580599032564
0.869498942823769 0.493934801799132
0.867922243824194 0.496700089264313
0.869350474032939 0.494196067668193
0.869257485078852 0.494359610642284
0.869257485465985 0.494359609961568
0.868843880619515 0.495086165338946
0.868843882031377 0.495086162861220
0.867746984704058 0.497006207744950
0.867746989478593 0.497006199408859
0.864847097947773 0.502035354503361
0.864847119699121 0.502035317032711
0.853760976947586 0.520665145983005
0.853761290058441 0.520664632558950
0.996016934131878 0.089164269315312
0.847531341577754 0.530745348583869
0.904451584123244 0.426576290922215
0.861738358024712 0.507352936631763
0.894530583398344 0.447006750916603
0.872154917491478 0.489229802746556
0.887190145891781 0.461403993299278
0.879513903036880 0.475873191475244
0.883199503381229 0.468997481045634
0.883287940067360 0.468830902278807
0.882544054634151 0.470229722188967
0.883771151996082 0.467919385043533
0.882999188552187 0.469374512533626
-0.000000000000000  1.000000000000000
-0.000000000000000  1.000000000000000
-0.000000000000000  1.000000000000000
-0.000000000000000  1.000000000000000
-0.000000000000000  1.000000000000000
-0.000000000000000  1.000000000000000
-0.000000000000000  1.000000000000000
-0.000000000000000  1.000000000000000
-0.000000000000000  1.000000000000000
-0.000000000000000  1.000000000000000
-0.000000000000000  1.000000000000000
-0.000000000000000  1.000000000000000
-0.000000000000000  1.000000000000000
-0.000000000000000  1.000000000000000
-0.000000000000000  1.000000000000000
-0.000000000000000  1.000000000000000
-0.000000000000000  1.000000000000000
-0.000000000000000  1.000000000000000
-0.000000000000000  1.000000000000000
-0.000000000000000  1.000000000000000
-0.000000000000000  1.000000000000000
-0.000000000000000  1.000000000000000
-0.000000000000000  1.000000000000000
-0.000000000000000  1.000000000000000
-0.000000000000000  1.000000000000000
-0.000000000000000  1.000000000000000
-0.000000000000000  1.000000000000000
-0.000000000000000  1.000000000000000
-0.000000000000000  1.000000000000000
-0.000000000000000  1.000000000000000
-0.000000000000000  1.000000000000000
-0.000000000000000  1.000000000000000
-0.000000000000000  1.000000000000000
-0.000000000000000  1.000000000000000
-0.000000000000000  1.000000000000000
-0.000000000000000  1.000000000000000
1.000000000000000 0.000000000000000
1.000000000000000 0.000000000000000
1.000000000000000 0.000000000000000
1.000000000000000 0.000000000000000
1.000000000000000 0.000000000000000
1.000000000000000 0.000000000000000
1.000000000000000 0.000000000000000
1.000000000000000 0.000000000000000
1.000000000000000 0.000000000000000
1.000000000000000 0.000000000000000
1.000000000000000 0.000000000000000
1.000000000000000 0.000000000000000
1.000000000000000 0.000000000000000
1.000000000000000 0.000000000000000
1.000000000000000 0.000000000000000
1.000000000000000 0.000000000000000
1.000000000000000 0.000000000000000
1.000000000000000 0.000000000000000
1.000000000000000 0.000000000000000
1.000000000000000 0.000000000000000
1.000000000000000 0.000000000000000
1.000000000000000 0.000000000000000
1.000000000000000 0.000000000000000
1.000000000000000 0.000000000000000
1.000000000000000 0.000000000000000
1.000000000000000 0.000000000000000
1.000000000000000 0.000000000000000
1.000000000000000 0.000000000000000
-0.000000000000000 -1.000000000000000
-0.000000000000000 -1.000000000000000
-0.000000000000000 -1.000000000000000
-0.000000000000000 -1.000000000000000
-0.000000000000000 -1.000000000000000
-0.000000000000000 -1.000000000000000
-0.000000000000000 -1.000000000000000
-0.000000000000000 -1.000000000000000
-0.000000000000000 -1.000000000000000
-0.000000000000000 -1.000000000000000
-0.000000000000000 -1.000000000000000
-0.000000000000000 -1.000000000000000
-0.000000000000000 -1.000000000000000
-0.000000000000000 -1.000000000000000
-0.000000000000000 -1.000000000000000
-0.000000000000000 -1.000000000000000
-0.000000000000000 -1.000000000000000
-0.000000000000000 -1.000000000000000
-0.000000000000000 -1.000000000000000
-0.000000000000000 -1.000000000000000
-0.000000000000000 -1.000000000000000
-0.000000000000000 -1.000000000000000
-0.000000000000000 -1.000000000000000
-0.000000000000000 -1.000000000000000
-0.000000000000000 -1.000000000000000
-0.000000000000000 -1.000000000000000
-0.000000000000000 -1.000000000000000
-0.000000000000000 -1.000000000000000
-0.000000000000000 -1.000000000000000
-0.000000000000000 -1.000000000000000
-0.000000000000000 -1.000000000000000
-0.000000000000000 -1.000000000000000
-0.000000000000000 -1.000000000000000
-0.000000000000000 -1.000000000000000
-0.000000000000000 -1.000000000000000
-0.000000000000000 -1.000000000000000
