1.70000000000000107e+01
0.00000000000000000e+00
1.57857140000000022e+01
1.45714290000000020e+01
1.33571430000000007e+01
1.21428570000000029e+01
1.09285710000000016e+01
9.71428600000000131e+00
8.50000000000000355e+00
7.28571400000000224e+00
6.07142900000000196e+00
4.85714300000000243e+00
3.64285700000000290e+00
2.42857100000000159e+00
1.21428600000000309e+00
1.70000000000000036e+01
1.70485500993426449e+01
1.71933780014876980e+01
1.74320839867885304e+01
1.77608833711178100e+01
1.81748872101601009e+01
1.86684281204871709e+01
1.86777913202228696e+01
1.83422931924134325e+01
1.80227455824542631e+01
1.77188974667929280e+01
1.74320067039449924e+01
1.71933780014877051e+01
1.70485500993426520e+01
0.00000000000000000e+00
1.21428600000000309e+00
2.42857100000000159e+00
3.64285700000000290e+00
4.85714300000000243e+00
6.07142900000000196e+00
7.28571400000000224e+00
8.50000000000000355e+00
9.71428600000000131e+00
1.09285710000000016e+01
1.21428570000000029e+01
1.33571430000000007e+01
1.45714290000000020e+01
1.57857140000000022e+01
0.00000000000000000e+00
0.00000000000000000e+00
0.00000000000000000e+00
0.00000000000000000e+00
0.00000000000000000e+00
0.00000000000000000e+00
0.00000000000000000e+00
0.00000000000000000e+00
0.00000000000000000e+00
0.00000000000000000e+00
0.00000000000000000e+00
0.00000000000000000e+00
0.00000000000000000e+00
0.00000000000000000e+00
6.40474566797875355e-15
0.00000000000000000e+00
0.00000000000000000e+00
7.94410929039127398e-15
0.00000000000000000e+00
0.00000000000000000e+00
0.00000000000000000e+00
1.70000000000000071e+01
1.57857140000000076e+01
1.45714290000000073e+01
1.33571430000000095e+01
1.21428570000000082e+01
1.09285710000000069e+01
9.71428600000000664e+00
8.50000000000000888e+00
7.28571400000000757e+00
6.07142900000000729e+00
4.85714300000000776e+00
3.64285700000000823e+00
2.42857100000000692e+00
1.21428600000000841e+00
1.70000000000000000e+01
1.70455748149626665e+01
1.71761321219748773e+01
1.73895349591325648e+01
1.76813548449630851e+01
1.80465801882006609e+01
1.84788469608507562e+01
1.89699377070187118e+01
1.85559728437578180e+01
1.80910017290275000e+01
1.77026281127347076e+01
1.73957456174571519e+01
1.71746331256119795e+01
1.70424598945226897e+01
0.00000000000000000e+00
1.21428600000000131e+00
2.42857099999999981e+00
3.64285700000000112e+00
4.85714300000000065e+00
6.07142900000000019e+00
7.28571400000000047e+00
8.50000000000000178e+00
9.71428599999999953e+00
1.09285709999999998e+01
1.21428570000000011e+01
1.33571430000000024e+01
1.45714290000000002e+01
1.57857140000000005e+01
0.00000000000000000e+00
0.00000000000000000e+00
0.00000000000000000e+00
0.00000000000000000e+00
0.00000000000000000e+00
0.00000000000000000e+00
0.00000000000000000e+00
0.00000000000000000e+00
0.00000000000000000e+00
0.00000000000000000e+00
0.00000000000000000e+00
0.00000000000000000e+00
0.00000000000000000e+00
0.00000000000000000e+00
6.28036983473510047e-15
0.00000000000000000e+00
0.00000000000000000e+00
0.00000000000000000e+00
0.00000000000000000e+00
0.00000000000000000e+00
0.00000000000000000e+00
0.00000000000000000e+00
0.00000000000000000e+00
6.60186072357338550e-15
0.00000000000000000e+00
0.00000000000000000e+00
0.00000000000000000e+00
8.18336351699107678e-01
1.17768713152432092e+00
9.53858214513542690e-01
1.03597659061113556e+00
1.54029697254675781e+01
1.40802466801909070e+01
1.28144741880078783e+01
1.15849550792847698e+01
1.03638984542636088e+01
9.14683493420002591e+00
7.93249641680589779e+00
6.71837537576400656e+00
5.49987250112328852e+00
4.26273947199459524e+00
2.90007131194650603e+00
1.97562634816806049e+00
1.61489958592235574e+01
1.62302553574121475e+01
1.65119039708902520e+01
1.69039944551445629e+01
1.73889462602728955e+01
1.77947808479203786e+01
1.74460015076236274e+01
1.71104350475063143e+01
1.67878306401119985e+01
1.64886258639898209e+01
1.62275992951954500e+01
1.61461176348561075e+01
1.27353206859522405e+00
2.28599468662290839e+00
3.06547403333675650e+00
4.34358357322960398e+00
5.56121123748434165e+00
6.76971735808531427e+00
7.97760784028689329e+00
9.18582738463253889e+00
1.03947651291604135e+01
1.16065559933401463e+01
1.28279038495802453e+01
1.40876974647043181e+01
1.54063464130193850e+01
9.39630459983490041e-01
9.43644754695981525e-01
1.07022113555925213e+00
1.25070715518847186e+00
1.19411347187483807e+00
9.43340522592300279e-01
1.06607382433391984e+00
8.78832599086456723e-01
1.16777290242262932e+00
1.10157887728671322e+00
1.11027561143873088e+00
1.27271038066600317e+00
1.14918798579439185e+00
1.11201910453390584e+00
1.04759535437918672e+00
1.02434052054313129e+00
1.00475674578916774e+00
1.01387160353727079e+00
1.53980584367053233e+01
1.40758789931642543e+01
1.28113761856412047e+01
1.15833820472667313e+01
1.03641539918168348e+01
9.14923091552283552e+00
7.93779906882085751e+00
6.72863773257480791e+00
5.51822029541849357e+00
4.29050054136195325e+00
2.94543024508453488e+00
2.06488553475906667e+00
1.61319530047232469e+01
1.61873426006974697e+01
1.64252897486577751e+01
1.67659236458128227e+01
1.71951440414047738e+01
1.76880835087621797e+01
1.78121883509764523e+01
1.72850983415870090e+01
1.68290194840946157e+01
1.64610212497381703e+01
1.61991396820539215e+01
1.61320764860987005e+01
2.13477012008237432e+00
3.04220374675413829e+00
4.14762204307971416e+00
5.38276846407034082e+00
6.63672271653219514e+00
7.89047511493595977e+00
9.13840591788203760e+00
1.03766320296882899e+01
1.16030644075952267e+01
1.28261053197704769e+01
1.40828012321904517e+01
1.54012034145960648e+01
1.31461320836423123e+00
1.27018623073040571e+00
1.19996435468387075e+00
1.12399065121630715e+00
1.09903508909796388e+00
9.67858907906733568e-01
1.01654465976221964e+00
1.01793955057615770e+00
1.00911013081461731e+00
1.00865800691550422e+00
1.05123080708770811e+00
1.07047710312704303e+00
1.03353258564525152e+00
1.03277900689149704e+00
1.15704228159488864e+00
1.05541542778945474e+00
9.82918096377443207e-01
1.27286824050242120e+00
9.40370442118186656e-01
9.54996155897667953e-01
1.05144083597452997e+00
1.10708501290123840e+00
1.05879308531797256e+00
1.04315503462369796e+00
1.41978991977298175e+00
1.26428676555238795e+00
1.21746593857261720e+00
1.07764022286718020e+00
1.49565714039596429e+01
1.35710303980471281e+01
1.23442025924235210e+01
1.11252620000106042e+01
9.91414597057915437e+00
8.70965879990874647e+00
7.50646008810305254e+00
6.29522260795322541e+00
5.06414278691106823e+00
3.82896612990919838e+00
1.49639497005239441e+01
1.52710729346582674e+01
1.56209738538642071e+01
1.61107731921524007e+01
1.66652146848655747e+01
1.65612198889792488e+01
1.62129578616247692e+01
1.58756291328964494e+01
1.55346536421558650e+01
1.52586768832542745e+01
2.68827717621183426e+00
3.11711890569084416e+00
4.15181625791788189e+00
5.28116523617034428e+00
6.43868347664762553e+00
7.61189641421231133e+00
8.79424037476864306e+00
9.98112847405265313e+00
1.11727638681938686e+01
1.23730341536664810e+01
1.35868497720183186e+01
1.92445073123400290e+00
2.25181925299119001e+00
2.47416707880233400e+00
2.45172260295567446e+00
2.12617094149139119e+00
1.92738588403637934e+00
2.49325580424851578e+00
2.61359125098542178e+00
2.57168571987624084e+00
2.52919836606131421e+00
2.52864607362543969e+00
2.48383588946752809e+00
2.21300074953220038e+00
2.36820039195541021e+00
2.29396645870402383e+00
1.49385875912086075e+01
1.35557425859158371e+01
1.23305962916632623e+01
1.11138324755694633e+01
9.90495655549988463e+00
8.70632332864710001e+00
7.51855749087677250e+00
6.34175531379399171e+00
5.17875853014823839e+00
4.05075834051706707e+00
3.14217179901971644e+00
1.49342860786890981e+01
1.51859683011411359e+01
1.54674914681513389e+01
1.59004748769429867e+01
1.64007772488422496e+01
1.69451244646753452e+01
1.65377778532527664e+01
1.60177124448919379e+01
1.55544629641503924e+01
1.52260475790376262e+01
2.20151829091090789e+00
3.47207342503896221e+00
4.79247065461429855e+00
6.08946198761614710e+00
7.37783756860551065e+00
8.65487185169092932e+00
9.91727060329107601e+00
1.11548447518252818e+01
1.23627887580055624e+01
1.35656713920712058e+01
2.45747950199351539e+00
2.32446503559734108e+00
2.31420584119738582e+00
2.30667413061755777e+00
2.29188200326916025e+00
2.28161240799974641e+00
2.28880605869947917e+00
2.27686674442816583e+00
2.24197564408243055e+00
2.24802516900352201e+00
2.63913881688837604e+00
2.33418771385270318e+00
2.34050801686776078e+00
2.54270671456026776e+00
2.53477117541041475e+00
2.54302170927072924e+00
2.48015944679744971e+00
2.90969653956543173e+00
2.35488667339502378e+00
2.30744810594433325e+00
2.38111061424897175e+00
2.49573081907417293e+00
2.36547103413735904e+00
2.26496199403449827e+00
2.50702843257456776e+00
2.31984621123682810e+00
2.36417018412710878e+00
2.16381356107475664e+00
1.99514902743956735e+00
1.42169617918503093e+01
1.31744681124464353e+01
1.19594992542364640e+01
1.07366022830620729e+01
9.52173522975343190e+00
8.31859632348435696e+00
7.11797107675963048e+00
5.89830714882854146e+00
2.82219363529038292e+00
4.62673960324246014e+00
1.42290254724976624e+01
1.42382140948164313e+01
1.48483002104762107e+01
1.53865235743647801e+01
1.56878410711492133e+01
1.53247877216652402e+01
1.49823104610221574e+01
1.46490577268901490e+01
1.41726822718896894e+01
3.66358353663072478e+00
4.34901949903098473e+00
5.27850956905622670e+00
6.32329154711973018e+00
7.42395284264441280e+00
8.55731579339319737e+00
9.70546410752550770e+00
1.08586603469385139e+01
1.20247370013499317e+01
1.32034344016323661e+01
3.37195197371641253e+00
3.20467751108796373e+00
3.27424088705303395e+00
3.01913771378980567e+00
3.52176088366227491e+00
3.45863690959623016e+00
3.41252838225208199e+00
3.32256633345703278e+00
3.31263396871850624e+00
3.44047536317171154e+00
3.30674217038511475e+00
2.10514242264604379e+00
3.06778593167207037e+00
1.41866372038622739e+01
1.31497936694792905e+01
1.19493546388457119e+01
1.07493603003862699e+01
9.56582747007361078e+00
8.40499334315154023e+00
7.26708295423270112e+00
6.15699490670543348e+00
5.08884569702300471e+00
4.09364860074776704e+00
1.41648240144141919e+01
1.40770764611612549e+01
1.45863581943693390e+01
1.51087374766654001e+01
1.56636336985177458e+01
1.58487914969050525e+01
1.52745220520189680e+01
1.47669660599076273e+01
1.41771331618075589e+01
2.40711427231531294e+00
2.98883680453899547e+00
4.30479277386027981e+00
5.65150757073728993e+00
6.97509433644693644e+00
8.27760363374296659e+00
9.55840052791380224e+00
1.08245527823512759e+01
1.20217582476561340e+01
1.31568305013859685e+01
2.91476154948743682e+00
3.01222245092743357e+00
3.03219182219878736e+00
3.03906596336339430e+00
3.04311842079926542e+00
3.05450877643725383e+00
3.07091851082980938e+00
3.02671073383223233e+00
2.94577482218809816e+00
2.92964349351004838e+00
2.91736690020286416e+00
3.30114065558092884e+00
3.39602617206806157e+00
3.27889045357059894e+00
3.02399634728723754e+00
3.25240804930441030e+00
3.47124096929516091e+00
3.31435838560052520e+00
3.47678552978965749e+00
3.44940193466654277e+00
2.73795019584865296e+00
4.02633477626834857e+00
2.76520540610665577e+00
3.16257427992465745e+00
3.12178468204026016e+00
2.47044535967929590e+00
3.18533927680505657e+00
1.28248461621890790e+01
1.15816727951672878e+01
1.03399953400288318e+01
9.13143658963725890e+00
7.94317692180540735e+00
6.76428625420394702e+00
3.32437194887142162e+00
5.54182117051628786e+00
1.37652303219941867e+01
1.41272977682847944e+01
1.47147886891911153e+01
1.44414871759062109e+01
1.40832678284479407e+01
1.37696133720422633e+01
4.81245310529042492e+00
5.53348253642218335e+00
6.43105010113710751e+00
7.42544329819884208e+00
8.47859375963796325e+00
9.58653089503714462e+00
1.06831899621562716e+01
1.17869116963444025e+01
4.43809032315206942e+00
4.55133847354180432e+00
4.29342418722482666e+00
4.75193971905068313e+00
4.58844112310185803e+00
4.64420779333504186e+00
4.25363422274747638e+00
1.28651523840312851e+01
1.16732848275349248e+01
1.04923779995350248e+01
9.35904413213265762e+00
8.26012182881505375e+00
7.19920305629866331e+00
6.18661551836457679e+00
5.23630613845311910e+00
1.32830512584830718e+01
1.38221653171248313e+01
1.43861918601281609e+01
1.49742663591609091e+01
1.45817360088351293e+01
1.40368947372954036e+01
3.83174094824465428e+00
5.29339739356268701e+00
6.67724014867565696e+00
8.01227039510428263e+00
9.31561854604716899e+00
1.05693366349790807e+01
1.19148447932807784e+01
4.12943711329348240e+00
4.17185707370475889e+00
4.19208520860602007e+00
4.21982959969555704e+00
4.25079478175642045e+00
4.28808248927608560e+00
4.41160443259920143e+00
4.12136952451249439e+00
3.88943241266884554e+00
4.17274683204409680e+00
3.93812909955597101e+00
4.28138008809581994e+00
4.43740080749756682e+00
4.25592184959144326e+00
4.72097493502965726e+00
3.70336115312530589e+00
4.63597356398959004e+00
4.38522530026627244e+00
3.17192484167699984e+00
4.34646435749113813e+00
3.48864347666071728e+00
4.43200844122681126e+00
3.63529709834595138e+00
1.35810540813604863e+01
1.25016114207464071e+01
1.11475761752998110e+01
9.93708639326269427e+00
8.74250895355121038e+00
7.59811805808285534e+00
6.50195727302350690e+00
1.27890607142500148e+01
1.34138352649375268e+01
1.35776762242192355e+01
1.31617103140404996e+01
1.28392328320592046e+01
5.95766151652224707e+00
6.73763101354838412e+00
7.61830456606144413e+00
8.56509193168816552e+00
9.56483309201709808e+00
1.07630267948995666e+01
1.29381966549019136e+01
1.16044121442249342e+01
5.09792170535217792e+00
5.50217336133013024e+00
5.32700236414850536e+00
1.36922978815918732e+01
1.27262687605342943e+01
1.14520615675735300e+01
1.03559281162137129e+01
9.29570023631203490e+00
8.28021607891919942e+00
7.32047644335725334e+00
6.43256983920380954e+00
1.28725334200288550e+01
1.25610259131873061e+01
1.31229763674522726e+01
1.37103586008393634e+01
1.39372538115020355e+01
1.33227379025170993e+01
5.02284722931103111e+00
6.44380556780652380e+00
7.84877515409994420e+00
9.14835467726894258e+00
1.05132394038158452e+01
1.14682572843656274e+01
5.35197980715834198e+00
5.33549692696344735e+00
5.36666285492148010e+00
5.43833325864589767e+00
5.47863548669793765e+00
5.49095021689285812e+00
4.45845287979988392e+00
4.82371695934193134e+00
5.45800072549023430e+00
4.84102892886128711e+00
5.08116347454733841e+00
5.91116465343935449e+00
5.63832850770762661e+00
4.97909996956172840e+00
5.29915608768237245e+00
4.25200006434462363e+00
1.17938879370921210e+01
1.07467470648090107e+01
9.52867630085727768e+00
8.32882344269303410e+00
7.31695133106903306e+00
1.21235142173586272e+01
1.27465381056680744e+01
1.23013959739694005e+01
1.17456903103745045e+01
5.36935573610108641e+00
6.62814417229145558e+00
7.84763595689483839e+00
8.83075142557302506e+00
9.71695053465834491e+00
1.04906792394284007e+01
4.79671522047793353e+00
1.22633932212070267e+01
1.13761934839615133e+01
1.03554608024557648e+01
9.37885462693904515e+00
8.46500716410899656e+00
7.62376263414986788e+00
1.18794853934471316e+01
1.24670816930591108e+01
1.30773417228235616e+01
1.25634589012585121e+01
6.23730952445215170e+00
7.78300403649733763e+00
9.20864494182728777e+00
1.01305724362364824e+01
6.44993269610257336e+00
6.49333752514720253e+00
6.52999806944923389e+00
6.79861167546425538e+00
5.25662600451199502e+00
5.98201668089338412e+00
6.07863456244293587e+00
5.94268723487826556e+00
6.88917061069759384e+00
6.30167888086749617e+00
4.63933230855993983e+00
4.87712598532463737e+00
1.03414593908183701e+01
9.08670675442743558e+00
7.70948002871150440e+00
1.15467860222836087e+01
1.15340190641224201e+01
1.10584696656130355e+01
8.17812622018015922e+00
9.36427662465180433e+00
1.06323941776108750e+01
1.14382195107338234e+01
1.04771387151044166e+01
9.60421735309838809e+00
8.80705942281504228e+00
1.12328032344319730e+01
1.18734353531439645e+01
1.23878828984385070e+01
7.45837971381487197e+00
9.02232232701205739e+00
7.57728159882152497e+00
5.88147122342862705e+00
7.03387014570852909e+00
8.07004520618724364e+00
7.53865477180760113e+00
5.31861612030095277e+00
9.89359274155336621e+00
8.72717165512757553e+00
8.49416831834898645e+00
9.60845673821074975e+00
1.14150845598003432e+01
1.06071914396812268e+01
9.62838155710467625e+00
8.50232356195644812e+00
7.07425105398600085e+00
1.06374977607105254e+01
1.00798831494601924e+01
7.51504036624389649e+00
8.70921799494024462e+00
8.02895888213117459e+00
1.05448449391321564e+01
9.92362171104175905e-01
6.20609407686767423e-01
5.91297934560245708e-01
2.18364398788573455e+00
9.37621391626002332e-01
6.07143000000002431e-01
2.11529851375318101e+00
1.55341760208789759e+00
1.82142850000000323e+00
0.00000000000000000e+00
0.00000000000000000e+00
1.23601069743434389e+00
6.90385071549276974e-01
6.33835692398878159e-01
1.82142850000000323e+00
2.20535668792594208e+00
1.13792998277654545e+00
6.68240277748322953e-01
6.88320178888160772e-01
1.43112621264908269e+00
0.00000000000000000e+00
1.18171646894787163e+00
4.62543744820255232e-01
8.89908684324376420e-01
5.05082322977849163e-01
2.91112812980143598e+00
0.00000000000000000e+00
1.15249159661546030e+00
6.35830687459040811e-01
1.74920924210078210e+00
1.11507465878708367e+00
1.14550093121023089e+00
6.31903162145435293e-01
6.08288994485130630e-01
6.29072001324585184e-01
2.39919415466357266e+00
2.12831227526572730e+00
5.67929210038761068e-01
6.32093842026057118e-01
6.10988517916441820e-01
0.00000000000000000e+00
1.68940300442212954e+00
7.12969520957149494e-01
5.44356615291052948e-01
5.68376830492432594e-01
1.82637123660488321e+00
6.01933835481920143e-01
1.70982187521870066e+00
2.17872209966665764e+00
0.00000000000000000e+00
1.99301792866001470e+00
6.00894169280221990e-01
0.00000000000000000e+00
2.04501204214184762e+00
1.31485523315537312e+00
6.57397491879827212e-01
0.00000000000000000e+00
6.36515420568362522e-01
0.00000000000000000e+00
0.00000000000000000e+00
2.40125691667735675e+00
5.73714606453670006e-01
1.28121307094413206e+00
6.31335745332953113e-01
6.53962458386021739e-01
6.03624893933093598e-01
4.33590104024602685e-01
1.05618902141389981e+00
4.10541725475642605e-01
0.00000000000000000e+00
9.62781109136677360e-01
5.36116676454920005e-01
9.71638598173451884e-01
1.82142850000000145e+00
1.53137965073295379e+00
2.50059815818413078e+00
1.03545744108588744e+00
0.00000000000000000e+00
6.07143000000000654e-01
6.70502624707328243e-01
5.62461383536137283e-01
4.76626688430900891e-01
1.75993891303060712e+00
0.00000000000000000e+00
5.28258161356093270e-01
0.00000000000000000e+00
5.62520406846123699e-01
1.72157605494140764e+00
5.81254126502801949e-01
1.01932137176417270e+00
6.30904658539231056e-01
1.67798925631208395e+00
2.98041048625638627e+00
1.82380201420557198e+00
0.00000000000000000e+00
5.70160039258409523e-01
6.07143000000007760e-01
0.00000000000000000e+00
1.32974260950530754e+00
1.66951791835918573e+00
5.73325982850777405e-01
2.08688203476663059e+00
2.54771166671651894e+00
2.51928038964182832e+00
9.95779503806291655e-01
4.97631589016153675e-01
2.17420979686274940e+00
1.63068068103862784e+00
6.07143000000002431e-01
1.71457152334981622e+00
5.68521025396447333e-01
5.85347100123879693e-01
0.00000000000000000e+00
1.02014325170491160e+00
1.02727488685880641e+00
1.08229999596664039e+00
3.56736544087201146e+00
3.25076535570556002e+00
4.62501264705113713e-01
5.35468711622447358e-01
2.39493526500400833e+00
5.66137007249851831e-01
1.03343268800511834e+00
1.82468156515054991e+00
6.41534981719648401e-01
2.52161312043309760e+00
1.25288933039062189e+00
1.82764427717929046e+00
1.08168616768862780e+00
1.03387588493952753e+00
1.68627706151382850e+00
1.65556287850680439e+00
9.99317774493284738e-01
1.03064003306391183e+00
1.84218920713353995e+00
6.17557177830334592e-01
2.68213528376155574e+00
1.25000361185548492e+00
1.34098051924885509e+00
1.51324090691962510e+00
6.53460085659820389e-01
1.76920818816389969e+00
1.00501677551011048e+00
6.11263291990807645e-01
1.86012589926682326e+00
6.76471708717474418e-01
6.63143180010536626e-01
5.72417182185682827e-01
1.06496767779346069e+00
2.43522600165527914e+00
5.95373834873644814e-01
1.87886053269022990e+00
0.00000000000000000e+00
2.46284608973523689e+00
6.23413641134480945e-01
1.11322192982700674e+00
0.00000000000000000e+00
9.94551423177939653e-01
2.13172210242284965e+00
6.35826383467508194e-01
0.00000000000000000e+00
5.81633964382886171e-01
1.01398985507893880e+00
1.02307660886603236e+00
1.46970741343489864e+00
1.57240357006394027e+00
6.45865646273207528e-01
1.82142850000000855e+00
1.07484147087945758e+00
0.00000000000000000e+00
6.46608017845029859e-01
1.67259854812977404e+00
1.01934170893615872e+00
1.99896156285110482e+00
0.00000000000000000e+00
1.02553346675612844e+00
9.38196249809297944e-01
1.04956855201289079e+00
1.12977682471764029e+00
2.28948186899264217e+00
1.96374801395774479e+00
2.30766052347194339e+00
3.94091944829806096e+00
1.76328841852193419e+00
6.49338421384593745e-01
0.00000000000000000e+00
7.56023161894519236e-01
0.00000000000000000e+00
6.84133040367701839e-01
2.17778931070839210e+00
1.62585387752040034e+00
2.32289087090636626e+00
1.13115170477165150e+00
6.21459685025243624e-01
2.15304642579598227e+00
1.61326542466621103e+00
1.64844556767241501e+00
7.10184342900716303e-01
0.00000000000000000e+00
5.41966757173202418e-01
2.23737403031997006e+00
6.82522621853676403e-01
0.00000000000000000e+00
2.94801937871836683e+00
2.46337518255795329e+00
2.40289989388392877e+00
1.76162241004238007e+00
1.79188429661615389e+00
4.69360937302152392e-01
6.34515909347139195e-01
0.00000000000000000e+00
2.40228868821946140e+00
5.05569270602140297e-01
1.82315423462975623e+00
6.33043705390614497e-01
0.00000000000000000e+00
2.47386801773381304e+00
5.83216302543268950e-01
6.35810454189262630e-01
2.09816190136260960e+00
1.55798170286399329e+00
8.74610728752699407e-01
1.50686902304988335e+00
6.57868815498415027e-01
2.09057359156210643e+00
2.66829563697799088e+00
2.12031796178764909e+00
1.11789698266159476e+00
2.67280720406641192e+00
1.59911645070456587e+00
5.62018019955087267e-01
6.06646631659583102e-01
2.12853759995676528e+00
1.69575818547169077e+00
1.17446372115674347e+00
1.59403029202427837e+00
1.73557379031403314e+00
2.39203390843030395e+00
1.62118370106187593e+00
1.37914050591975368e+00
5.93795982657343013e-01
2.15037408231623006e+00
1.56306900802197402e+00
1.61989280870678742e+00
0.00000000000000000e+00
1.78575376964570731e+00
1.65515519393564614e+00
1.41279554786197026e+00
2.26090238596539894e+00
1.60840070187794537e+00
1.77692184696218614e+00
6.52565981726840660e-01
1.68697806100727909e+00
1.86430911161244217e+00
2.71192143648608130e+00
1.72785617501013600e+00
1.77033134189941199e+00
6.38879294741359960e-01
1.66961298490300813e+00
6.29954634428567917e-01
1.62096332106861962e+00
2.64249417705166412e+00
1.56687448282467323e+00
1.55128111343036190e+00
1.61278438579361305e+00
6.96587690539799298e-01
1.62913653264348013e+00
1.64442828765780558e+00
1.00589320749947264e+00
0.00000000000000000e+00
6.62088264512566527e-01
2.31778842385708472e+00
2.68226919070061331e+00
1.02647316939978372e+00
0.00000000000000000e+00
0.00000000000000000e+00
1.67528824389913145e+00
0.00000000000000000e+00
1.60159090983499097e+00
1.86161170821469524e+00
1.83114749623832740e+00
1.76608723016676006e+00
1.75886909461536511e+00
2.78584101309640664e+00
1.09416414277251461e+00
1.14871347900810883e+00
2.26045601183749323e+00
1.60543857102392096e+00
2.20728325021730587e+00
2.91090613575451940e+00
2.35990677797898618e+00
1.67991482591617602e+00
6.97854559279466824e-01
1.80620616318329241e+00
7.26785093703242624e-01
2.93714522575201498e+00
2.60797125101012561e+00
1.90232080048806962e+00
2.52505685895265275e+00
0.00000000000000000e+00
2.46530997030395849e+00
2.62533782555829953e+00
2.09330131809843056e+00
2.22840428999216833e+00
1.22843890646371645e+00
0.00000000000000000e+00
0.00000000000000000e+00
2.27610758066690888e+00
1.55597535993854175e+00
6.43350210547412815e-01
2.26428899949556195e+00
6.26349784564619982e-01
2.38075532300260795e+00
1.85632252585373725e+00
6.33994230404279824e-01
2.32119089881260487e+00
2.11718454445360660e+00
3.03405120251441973e+00
1.77066007050999863e+00
2.78077938474807906e+00
0.00000000000000000e+00
5.03859111321483311e-01
2.98590688845051533e+00
1.76723292276438260e+00
1.62562478713005976e+00
2.34185678082712156e+00
1.07408200399125553e+00
1.24879962442717907e+00
6.15190698038752037e-01
2.39413043564855910e+00
2.87596276125929595e+00
1.39382319119532183e+00
6.29226264888581910e-01
2.28042408938890917e+00
1.62265970372751167e+00
5.49165308196440716e-01
3.20839758887019322e+00
0.00000000000000000e+00
2.84897740191594995e+00
1.71718993470525549e+00
2.19424940691681991e+00
6.45959364324144802e-01
4.95272054586751664e-01
0.00000000000000000e+00
2.22446248760927023e+00
1.78049093837646244e+00
0.00000000000000000e+00
1.49368066977736702e+00
1.74957303698063615e+00
0.00000000000000000e+00
4.07375034718892193e-01
0.00000000000000000e+00
2.12908211183556118e+00
1.20586811161873486e+00
1.05664898688051490e+00
1.17141391329414590e+00
1.79007462474594936e+00
1.69863787937229294e+00
0.00000000000000000e+00
2.20385205561209174e+00
0.00000000000000000e+00
6.16329846028039086e-01
5.83217837102687486e-01
2.17588441053425008e+00
1.64088485364275427e+00
1.73325822990105882e+00
2.69316391934907440e+00
1.67008705603364205e+00
2.19655762420562173e+00
1.69724349983843226e+00
1.60372192804334124e+00
6.89921255265260380e-01
1.91260745974620683e+00
1.66141082526220663e+00
1.55671421619812000e+00
1.62140931052766546e+00
1.78012054097753936e+00
1.76679329290414877e+00
1.72579026402740165e+00
2.87594191462251603e+00
1.55860341052171325e+00
7.24568211064041234e-01
1.66825680354003225e+00
1.71140168330830345e+00
0.00000000000000000e+00
2.47222988354358897e+00
1.68108792034807109e+00
2.05064877614062357e+00
2.00649600283021856e+00
0.00000000000000000e+00
5.69486952635138155e-01
1.61483640589029243e+00
1.68757246574568853e+00
2.56716198878718682e+00
5.53434242954065403e-01
1.60841502631688638e+00
2.10463433739360672e+00
6.26634857510835919e-01
6.23279576286565273e-01
0.00000000000000000e+00
1.75700761161269137e+00
1.57168764886475176e+00
6.25879314037714574e-01
0.00000000000000000e+00
0.00000000000000000e+00
5.50347337305148732e-01
3.32322955298272105e-01
5.30942947783776487e-01
2.72829356720317440e-01
2.74195230237172571e-01
1.50232426039994121e-01
0.00000000000000000e+00
1.78593794089495883e-01
5.90452462319772664e-01
8.62872886635958181e-01
3.25422450838454669e-01
3.03003138675640271e-01
3.01820184755602461e-01
3.47576930725134847e-01
3.19313264842653988e-01
0.00000000000000000e+00
2.26145349913256660e-01
0.00000000000000000e+00
2.31501471085207300e-01
2.87590992732002282e-01
7.22216901107350040e-01
3.50801747925219787e-01
1.98461483090866586e-01
3.55299501844936805e-01
0.00000000000000000e+00
2.49740595080986783e-01
6.08749225017287232e-01
3.25531320472615349e-01
3.19611985504734075e-01
2.64221517072530387e-01
6.34682359469271429e-01
3.08535532075669361e-01
3.27812345603764932e-01
2.54254147957667653e-01
0.00000000000000000e+00
2.97760834980135392e-01
3.03094713242819058e-01
5.96550819516493136e-01
0.00000000000000000e+00
0.00000000000000000e+00
3.01102156221460970e-01
0.00000000000000000e+00
6.52831580775909304e-01
2.99441432797199703e-01
5.71747514913174770e-01
2.99324969734193758e-01
3.01946672775148861e-01
3.94113964055278987e-01
3.02595628286815743e-01
0.00000000000000000e+00
3.03399266180759075e-01
2.94730098876139324e-01
2.86249291024819275e-01
2.71527287469869150e-01
6.81670569115169322e-01
2.87168217080780941e-01
4.94002683735318804e-01
2.61113483384978085e-01
7.61807856738861089e-01
7.95725656268483128e-01
0.00000000000000000e+00
7.33060703952379433e-01
2.50367296695073960e-01
0.00000000000000000e+00
0.00000000000000000e+00
4.75973554909278396e-01
7.69794395255398833e-01
6.46108011856007414e-01
2.63614652883650158e-01
2.64279887087293608e-01
0.00000000000000000e+00
8.57704016107513345e-01
0.00000000000000000e+00
3.50716353232060463e-01
3.07018265345655073e-01
2.97016021012349474e-01
2.58501066848978500e-01
6.04048254251560501e-01
0.00000000000000000e+00
5.71753362534167642e-01
2.87117704940093199e-01
2.90747889117267677e-01
2.85221114091242844e-01
5.85812996424944776e-01
0.00000000000000000e+00
3.24432637058353290e-01
5.13211922757202621e-01
3.35491714675737351e-01
6.30922657069595938e-01
6.55011946414840507e-01
2.69368946605194504e-01
3.41845286775738166e-01
3.46010788061276831e-01
0.00000000000000000e+00
3.13163702595009641e-01
5.29283939165165918e-01
4.59422293010611826e-01
2.84718880895122428e-01
0.00000000000000000e+00
2.62536581014890191e-01
1.96556704813477839e-01
0.00000000000000000e+00
0.00000000000000000e+00
2.95905996119371184e-01
3.38861314453494267e-01
8.10306784091060606e-01
3.19771111568882105e-01
3.15850078008940161e-01
2.77775900428379796e-01
2.60310662878082022e-01
5.87812405842605967e-01
2.92301087627557132e-01
2.99861339427590023e-01
3.30454274542047177e-01
3.03571499999998551e-01
2.79128573875325747e-01
0.00000000000000000e+00
6.14731211485763485e-01
4.48009424653923405e-01
8.78532471849466035e-01
0.00000000000000000e+00
0.00000000000000000e+00
2.77302367569360053e-01
2.75173855343098184e-01
2.99198888669176155e-01
3.00169543235040970e-01
3.15369918400897897e-01
2.53195148088220412e-01
2.59865909987483823e-01
0.00000000000000000e+00
8.18860042643344517e-15
1.77702254751051669e-01
3.86827464495973217e-01
6.53859202085811386e-01
7.43554915154281626e-01
9.18115513158263674e-01
2.91616794170898364e-01
5.96907825721742835e-01
9.01597454368320950e-01
7.90531939562804209e-01
2.96866347502466266e-01
3.20374174276308044e-01
2.96997125572446230e-01
8.29594121936135909e-01
5.42164964790574411e-01
0.00000000000000000e+00
2.86154233515134637e-01
0.00000000000000000e+00
2.76701181005896579e-01
6.71871532156894991e-01
2.60423028264270218e-01
0.00000000000000000e+00
0.00000000000000000e+00
7.02233732999552496e-01
3.00293959624868656e-01
2.53897986414242438e-01
3.14842217254295731e-01
2.08339096872562274e-01
5.94088294579976472e-01
3.03421407295457690e-01
0.00000000000000000e+00
3.03571500000000327e-01
2.72407842303076519e-01
8.10061333934699146e-01
5.04136022300426867e-01
2.66666696970343453e-01
0.00000000000000000e+00
0.00000000000000000e+00
2.80682629010848339e-01
3.01564227453735123e-01
5.79409889625971730e-01
5.75166533280658365e-01
2.99212631334408230e-01
7.67309060233375750e-01
1.91041839505071864e-01
0.00000000000000000e+00
1.94507449228982138e-01
6.15306364237353187e-01
6.49040128929154303e-01
5.78421158320130746e-01
5.36976282981335928e-01
3.13929477748421837e-01
5.17850893502721510e-01
0.00000000000000000e+00
2.67177676254748253e-01
2.04144223925373819e-01
2.65313816504541500e-01
5.90812922057729395e-01
0.00000000000000000e+00
3.03571500000007433e-01
3.08493467898037499e-01
8.42440309277372679e-01
0.00000000000000000e+00
2.90823395432104836e-01
2.96488179676100860e-01
2.36151139150602346e-01
0.00000000000000000e+00
2.55010250584121023e-01
2.80229690246154794e-01
2.67629789376794380e-01
4.62395384859563885e-01
0.00000000000000000e+00
5.24760290654398553e-01
2.44964886556595096e-01
5.15596017137475271e-01
6.35460941264007872e-01
3.26408787027991920e-01
2.31469338280797576e-01
2.98332231904152922e-01
2.63554424171748070e-01
8.41643281148275024e-01
2.98612295426510355e-01
5.97090831861499027e-01
0.00000000000000000e+00
3.11402921138559052e-01
5.72167638719623950e-01
0.00000000000000000e+00
2.71308132295550508e-01
3.05470297085858156e-01
0.00000000000000000e+00
0.00000000000000000e+00
4.94547967815644585e-01
7.49980681200012489e-01
0.00000000000000000e+00
4.83057704716519098e-01
2.93035029150664927e-01
2.60770527583917333e-01
4.43393647364464794e-01
5.68869378570853068e-01
2.01310251401312507e-01
2.65501530052743573e-01
2.43774704669342118e-01
0.00000000000000000e+00
4.78673483769969432e-01
9.48934466377998387e-01
6.27107430358689655e-01
7.92123308576786700e-01
8.11798620718491071e-01
1.26680872683736023e+00
0.00000000000000000e+00
2.93991831547447680e-01
5.99007968858501050e-01
8.72702630771966748e-01
2.59121105143486352e-01
2.64761394286851581e-01
9.04024134182262129e-01
8.77115370988304832e-01
8.49846583068642691e-01
3.28540906339867156e-01
9.35195455161388023e-01
9.50571999483642349e-01
2.82621071527394074e-01
2.83846196914477655e-01
0.00000000000000000e+00
0.00000000000000000e+00
7.29114866204217060e-01
4.77940809398428978e-01
5.68904089534905899e-01
3.20748940081751921e-01
6.42903183789717225e-01
5.73370931164822739e-01
0.00000000000000000e+00
0.00000000000000000e+00
0.00000000000000000e+00
2.88552363021184366e-01
3.03661153976627407e-01
0.00000000000000000e+00
2.99705568330499883e-01
0.00000000000000000e+00
5.73459976665501303e-01
9.11731166583951924e-01
5.20731312384662526e-01
7.73245017103869170e-01
0.00000000000000000e+00
3.08523040971609985e-01
0.00000000000000000e+00
3.14215955490522503e-01
0.00000000000000000e+00
0.00000000000000000e+00
6.33005838607834992e-01
2.87368483446607148e-01
7.79930136436388421e-01
5.51845036241430775e-01
2.49277138103086965e-01
4.89310349153302460e-01
2.77121736134452679e-01
0.00000000000000000e+00
2.63399557106472892e-01
0.00000000000000000e+00
0.00000000000000000e+00
2.62685915503493683e-01
5.15029986540986640e-01
0.00000000000000000e+00
5.28341806086851773e-01
2.70387627133047814e-01
5.83370141146852039e-01
0.00000000000000000e+00
0.00000000000000000e+00
2.57946102704392000e-01
5.76058613810019104e-01
0.00000000000000000e+00
0.00000000000000000e+00
2.41454284707008249e-01
6.77872758924002881e-15
2.95229382165952459e-01
2.70797176077976376e-01
2.71856079021864816e-01
8.91478993426825794e-01
5.78532032880572200e-01
5.76484389066044156e-01
2.56026766257440808e-01
0.00000000000000000e+00
5.32525738428034634e-01
5.27212371350201270e-01
6.02573171211859826e-01
5.28569521448769675e-01
3.07742086444978469e-01
6.31001312142557169e-01
4.92634938728288563e-01
0.00000000000000000e+00
3.11276117932392182e-01
7.64993632305122850e-01
2.62634594043135550e-01
4.69085967534917936e-01
4.74916953171079070e-01
0.00000000000000000e+00
2.59743311675127431e-01
0.00000000000000000e+00
8.98608269377013658e-01
2.69647929811976494e-01
9.03543202647941190e-01
6.93146180129479483e-01
3.03096687085453564e-01
0.00000000000000000e+00
3.04614455248482019e-01
5.80368825785486764e-01
0.00000000000000000e+00
2.22382475131036039e-01
4.94574313755036965e-01
2.92334419213056307e-01
0.00000000000000000e+00
2.99470190092223310e-01
2.94686491331625999e-01
2.48060738711750967e-01
0.00000000000000000e+00
3.00660472689322555e-01
8.14357706488837763e-01
5.08433992718921424e-01
3.01227411971668357e-01
3.02259734787159062e-01
3.09290136171275987e-01
6.93689521461018719e-15
6.46603649670442420e-15
2.77497777589345407e-01
3.03565626297248981e-01
3.01374935721360382e+00
5.68645345006296488e-01
2.49225838975057123e-01
3.06579913205067944e-01
3.11643712337462242e-01
0.00000000000000000e+00
0.00000000000000000e+00
5.53001791733714998e-01
3.38618344962805795e-01
2.74851634358200647e-01
5.20508472678806511e-01
5.18145771942130962e-01
7.64491677705711581e-01
0.00000000000000000e+00
0.00000000000000000e+00
7.98703183271177397e-01
6.01729021307177314e-01
3.32311087978428954e-01
2.38186859821452768e-01
2.63810555521003243e-01
0.00000000000000000e+00
6.74545714454305556e-01
2.59379475572470819e-01
4.14601401517244450e-01
3.00524009902775224e-01
3.00873669863831961e-01
0.00000000000000000e+00
2.48045777040752868e-01
3.05986927587578006e-01
2.72179270466946233e-01
2.76746955447994769e-01
5.81059380488055943e-01
0.00000000000000000e+00
0.00000000000000000e+00
0.00000000000000000e+00
0.00000000000000000e+00
3.05461343666782181e-01
7.72187617227635181e-01
3.02693203548780043e-01
2.18293185046407989e-01
2.85066160665780499e-01
7.99520476165902938e-01
0.00000000000000000e+00
7.72392860128444325e-01
2.55190709094078982e-01
0.00000000000000000e+00
5.77659884629155407e-01
3.12878818870920505e-01
0.00000000000000000e+00
0.00000000000000000e+00
0.00000000000000000e+00
3.27988614581482540e-01
2.14910284962496145e-01
5.41768450799377632e-01
5.61932158807695425e-01
2.89966264363013371e-01
3.03103019795089079e-01
5.80286496452814937e-01
4.29308292671899239e-01
0.00000000000000000e+00
2.31562469432815887e-01
6.40474566797875355e-15
2.52853120266045672e-01
5.82011708608669687e-01
2.89064821877314082e-01
0.00000000000000000e+00
7.71435802118704550e-01
6.45088052515083943e-01
3.12107157463741069e-01
5.83612651812607908e-01
0.00000000000000000e+00
0.00000000000000000e+00
2.94404584977517647e-01
2.31426660912972232e-01
2.68742898888212345e-01
0.00000000000000000e+00
3.03571500000002104e-01
4.93983150341248511e-01
7.84289382525453660e-01
2.68894261104870524e-01
0.00000000000000000e+00
0.00000000000000000e+00
2.18219622414685149e-01
