1337 2 1
1339 3 1
1333 2 1
1335 3 1
1321 2 1
1323 3 1
1317 2 1
1319 3 1
2837 2 1
2839 3 1
2833 2 1
2835 3 1
2821 2 1
2823 3 1
2817 2 1
2819 3 1
1401 2 1
1403 3 1
1397 2 1
1399 3 1
1385 2 1
1387 3 1
1381 2 1
1383 3 1
2753 2 1
2755 3 1
2749 2 1
2751 3 1
2737 2 1
2739 3 1
2733 2 1
2735 3 1
4933 2 1
4935 3 1
4929 2 1
4931 3 1
4917 2 1
4919 3 1
4913 2 1
4915 3 1
3129 2 1
3131 3 1
3125 2 1
3127 3 1
3113 2 1
3115 3 1
3109 2 1
3111 3 1
1037 2 1
1039 3 1
1033 2 1
1035 3 1
1021 2 1
1023 3 1
1017 2 1
1019 3 1
365 2 1
367 3 1
361 2 1
363 3 1
349 2 1
351 3 1
345 2 1
347 3 1
981 2 1
983 3 1
977 2 1
979 3 1
965 2 1
967 3 1
961 2 1
963 3 1
5157 2 1
5159 3 1
5153 2 1
5155 3 1
5141 2 1
5143 3 1
5137 2 1
5139 3 1
5211 2 1
5210 3 1
5207 2 1
5206 3 1
5195 2 1
5194 3 1
5191 2 1
5190 3 1
5305 2 1
5307 3 1
5301 2 1
5303 3 1
5289 2 1
5291 3 1
5285 2 1
5287 3 1
5365 2 1
5367 3 1
5361 2 1
5363 3 1
5349 2 1
5351 3 1
5345 2 1
5347 3 1
823 2 1
822 3 1
819 2 1
818 3 1
807 2 1
806 3 1
803 2 1
802 3 1
4247 2 1
4246 3 1
4243 2 1
4242 3 1
4231 2 1
4230 3 1
4227 2 1
4226 3 1
4055 2 1
4054 3 1
4051 2 1
4050 3 1
4039 2 1
4038 3 1
4035 2 1
4034 3 1
5445 2 1
5447 3 1
5441 2 1
5443 3 1
5429 2 1
5431 3 1
5425 2 1
5427 3 1
5495 2 1
5494 3 1
5491 2 1
5490 3 1
5479 2 1
5478 3 1
5475 2 1
5474 3 1
5555 2 1
5554 3 1
5551 2 1
5550 3 1
5539 2 1
5538 3 1
5535 2 1
5534 3 1
5615 2 1
5614 3 1
5611 2 1
5610 3 1
5599 2 1
5598 3 1
5595 2 1
5594 3 1
5689 2 1
5691 3 1
5685 2 1
5687 3 1
5673 2 1
5675 3 1
5669 2 1
5671 3 1
5753 2 1
5755 3 1
5749 2 1
5751 3 1
5737 2 1
5739 3 1
5733 2 1
5735 3 1
4355 2 1
4354 3 1
4351 2 1
4350 3 1
4339 2 1
4338 3 1
4335 2 1
4334 3 1
4617 2 1
4619 3 1
4613 2 1
4615 3 1
4601 2 1
4603 3 1
4597 2 1
4599 3 1
5825 2 1
5827 3 1
5821 2 1
5823 3 1
5809 2 1
5811 3 1
5805 2 1
5807 3 1
4699 2 1
4698 3 1
4695 2 1
4694 3 1
4683 2 1
4682 3 1
4679 2 1
4678 3 1
2639 2 1
2638 3 1
2635 2 1
2634 3 1
2623 2 1
2622 3 1
2619 2 1
2618 3 1
2250 2 1
2249 3 1
2258 2 1
2257 3 1
2282 2 1
2281 3 1
2290 2 1
2289 3 1
2185 2 2
2187 3 2
2181 2 2
2183 3 2
2169 2 2
2171 3 2
2165 2 2
2167 3 2
2126 2 2
2125 3 2
2131 2 2
2130 3 2
1257 2 2
1259 3 2
4733 2 2
4735 3 2
4741 2 2
4743 3 2
1091 2 2
1090 3 2
4535 2 2
4534 3 2
1281 2 2
1283 3 2
4497 2 2
4499 3 2
4785 2 2
4787 3 2
4503 2 2
4502 3 2
4795 2 2
4794 3 2
1294 2 2
1293 3 2
1207 2 2
1206 3 2
1206 2 3
1205 3 3
4491 2 3
4490 3 3
1219 2 3
1218 3 3
1221 2 3
1223 3 3
1225 2 3
1227 3 3
4305 2 3
4307 3 3
4323 2 3
4322 3 3
4297 2 3
4299 3 3
4293 2 3
4295 3 3
4301 2 3
4303 3 3
4565 2 3
4567 3 3
4573 2 3
4575 3 3
1255 2 3
1254 3 3
531 2 3
530 3 3
530 2 4
529 3 4
4283 2 4
4282 3 4
1075 2 4
1074 3 4
1077 2 4
1079 3 4
1243 2 4
1242 3 4
1233 2 4
1235 3 4
4317 2 4
4319 3 4
4325 2 4
4327 3 4
4331 2 4
4330 3 4
2123 2 4
2122 3 4
1133 2 4
1135 3 4
4405 2 4
4407 3 4
4486 2 4
4485 3 4
4479 2 4
4478 3 4
1163 2 4
1162 3 4
1159 2 4
1158 3 4
1147 2 4
1146 3 4
1143 2 4
1142 3 4
2543 2 5
2542 3 5
2539 2 5
2538 3 5
2527 2 5
2526 3 5
2523 2 5
2522 3 5
3299 2 5
3298 3 5
3295 2 5
3294 3 5
3283 2 5
3282 3 5
3279 2 5
3278 3 5
619 2 5
618 3 5
615 2 5
614 3 5
603 2 5
602 3 5
599 2 5
598 3 5
685 2 5
687 3 5
681 2 5
683 3 5
669 2 5
671 3 5
665 2 5
667 3 5
741 2 5
743 3 5
737 2 5
739 3 5
725 2 5
727 3 5
721 2 5
723 3 5
3477 2 5
3479 3 5
3473 2 5
3475 3 5
3461 2 5
3463 3 5
3457 2 5
3459 3 5
463 2 5
462 3 5
459 2 5
458 3 5
447 2 5
446 3 5
443 2 5
442 3 5
3593 2 5
3595 3 5
3589 2 5
3591 3 5
3577 2 5
3579 3 5
3573 2 5
3575 3 5
119 2 5
118 3 5
115 2 5
114 3 5
103 2 5
102 3 5
99 2 5
98 3 5
3709 2 5
3711 3 5
3705 2 5
3707 3 5
3693 2 5
3695 3 5
3689 2 5
3691 3 5
2015 2 5
2014 3 5
2011 2 5
2010 3 5
1999 2 5
1998 3 5
1995 2 5
1994 3 5
1877 2 5
1879 3 5
1873 2 5
1875 3 5
1861 2 5
1863 3 5
1857 2 5
1859 3 5
889 2 5
891 3 5
885 2 5
887 3 5
873 2 5
875 3 5
869 2 5
871 3 5
1757 2 5
1759 3 5
1753 2 5
1755 3 5
1741 2 5
1743 3 5
1737 2 5
1739 3 5
1701 2 5
1703 3 5
1697 2 5
1699 3 5
1685 2 5
1687 3 5
1681 2 5
1683 3 5
1635 2 5
1634 3 5
1631 2 5
1630 3 5
1619 2 5
1618 3 5
1615 2 5
1614 3 5
3977 2 5
3979 3 5
3973 2 5
3975 3 5
3961 2 5
3963 3 5
3957 2 5
3959 3 5
4121 2 5
4123 3 5
4117 2 5
4119 3 5
4105 2 5
4107 3 5
4101 2 5
4103 3 5
1483 2 5
1482 3 5
1479 2 5
1478 3 5
1467 2 5
1466 3 5
1463 2 5
1462 3 5
2419 2 5
2418 3 5
2415 2 5
2414 3 5
2403 2 5
2402 3 5
2399 2 5
2398 3 5
2454 2 5
2453 3 5
2462 2 5
2461 3 5
2486 2 5
2485 3 5
2494 2 5
2493 3 5
3031 2 6
3030 3 6
3027 2 6
3026 3 6
3015 2 6
3014 3 6
3011 2 6
3010 3 6
390 2 6
389 3 6
395 2 6
394 3 6
1063 2 6
1062 3 6
3189 2 6
3191 3 6
499 2 6
498 3 6
183 2 6
182 3 6
2959 2 6
2958 3 6
513 2 6
515 3 6
2921 2 6
2923 3 6
3245 2 6
3247 3 6
2927 2 6
2926 3 6
3255 2 6
3254 3 6
526 2 6
525 3 6
217 2 6
219 3 6
219 2 7
218 3 7
2915 2 7
2914 3 7
231 2 7
230 3 7
233 2 7
235 3 7
237 2 7
239 3 7
2705 2 7
2707 3 7
2779 2 7
2778 3 7
2697 2 7
2699 3 7
2693 2 7
2695 3 7
2701 2 7
2703 3 7
2989 2 7
2991 3 7
2997 2 7
2999 3 7
267 2 7
266 3 7
33 2 7
35 3 7
35 2 8
34 3 8
2683 2 8
2682 3 8
167 2 8
166 3 8
169 2 8
171 3 8
255 2 8
254 3 8
245 2 8
247 3 8
503 2 8
502 3 8
187 2 8
186 3 8
2785 2 8
2787 3 8
197 2 8
199 3 8
201 2 8
203 3 8
2871 2 8
2870 3 8
214 2 8
213 3 8
207 2 8
206 3 8
50 2 8
49 3 8
43 2 8
42 3 8
66 2 8
65 3 8
74 2 8
73 3 8
