3.95836655778886648e+00
2.99999999999999989e-01
3.84000380541183750e+00
3.70819138704113138e+00
3.56140076302891817e+00
3.39793004640721197e+00
3.21588384711732456e+00
3.01315157449189686e+00
2.78738227920132342e+00
2.53595839746036766e+00
2.25596499393709893e+00
1.94415517411500738e+00
1.59691382243466107e+00
1.21021478779363778e+00
7.79574794096232648e-01
3.95836655778886604e+00
3.96283925695484651e+00
3.97606781756268246e+00
3.99750398159584597e+00
4.02629781598429837e+00
4.06137990671597660e+00
4.10155412233675154e+00
4.10348209875091463e+00
4.07586918784505148e+00
4.04893599506440882e+00
4.02274570365293549e+00
3.99749728360333867e+00
3.97606781756268335e+00
3.96283925695484696e+00
2.99999999999999989e-01
7.79574794096232648e-01
1.21021478779363778e+00
1.59691382243466107e+00
1.94415517411500738e+00
2.25596499393709893e+00
2.53595839746036766e+00
2.78738227920132342e+00
3.01315157449189686e+00
3.21588384711732456e+00
3.39793004640721197e+00
3.56140076302891817e+00
3.70819138704113138e+00
3.84000380541183750e+00
2.99999999999999989e-01
3.02330408182351185e-01
3.19724127767009925e-01
3.46430756037632182e-01
3.80157845823230367e-01
4.15207345501415748e-01
4.45444257970695701e-01
4.66119653061601802e-01
4.75338879495526334e-01
4.73602677944267969e-01
4.63243242955850565e-01
4.47799802606383190e-01
4.29916512191000688e-01
4.10807275357561730e-01
3.90968554309684080e-01
3.71170637444137197e-01
3.52163660876617379e-01
3.34757861420974634e-01
3.20036978268366412e-01
3.08992303539042557e-01
3.02241795286638970e-01
3.95836655778886604e+00
3.84000380541183839e+00
3.70819138704113227e+00
3.56140076302891906e+00
3.39793004640721286e+00
3.21588384711732544e+00
3.01315157449189774e+00
2.78738227920132475e+00
2.53595839746036855e+00
2.25596499393709982e+00
1.94415517411500893e+00
1.59691382243466284e+00
1.21021478779363933e+00
7.79574794096234758e-01
3.95836655778886515e+00
3.96256576281529149e+00
3.97450202732948332e+00
3.99371937946064870e+00
4.01942091594759177e+00
4.05067399415898599e+00
4.08639854385654289e+00
4.12540675741060170e+00
4.09256326625587263e+00
4.05437994632879750e+00
4.02125935442793025e+00
3.99427065806676040e+00
3.97436537989076211e+00
3.96227926613734427e+00
2.99999999999999989e-01
7.79574794096232093e-01
1.21021478779363667e+00
1.59691382243466062e+00
1.94415517411500693e+00
2.25596499393709804e+00
2.53595839746036722e+00
2.78738227920132298e+00
3.01315157449189686e+00
3.21588384711732411e+00
3.39793004640721197e+00
3.56140076302891861e+00
3.70819138704113138e+00
3.84000380541183750e+00
3.00508303796752640e-01
3.02172551021517133e-01
3.05184623074446715e-01
3.09699491093186285e-01
3.15798171275266548e-01
3.23482034102692162e-01
3.32754808444680250e-01
3.43639759678960210e-01
3.56111751418615785e-01
3.70060554030327005e-01
3.85323632014750395e-01
4.01716080474517456e-01
4.18816251183477206e-01
4.36021405524592176e-01
4.52336893234664861e-01
4.66062694707315650e-01
4.74604626993676337e-01
4.74654993276588555e-01
4.63539342542449995e-01
4.41708148910132548e-01
4.12761579103009257e-01
3.81575436755999642e-01
3.52782210029499721e-01
3.29640816356720323e-01
3.13644362817012912e-01
3.04493819712902292e-01
3.00587883821808233e-01
6.28974558796955741e-01
7.66294017603715960e-01
6.81228777955642739e-01
7.12507311796226284e-01
3.79997696221586123e+00
3.65070996484695920e+00
3.49051487312834086e+00
3.31671808349754604e+00
3.12431834834617206e+00
2.91066684858653302e+00
2.67324119199716170e+00
2.40888513021376927e+00
2.11337321531981459e+00
1.77884794565995596e+00
1.36536959997719398e+00
1.05506236866238567e+00
3.87675960289431742e+00
3.88482048485445697e+00
3.91231472043139616e+00
3.94946514264861026e+00
3.99366364611723368e+00
4.03107871546864516e+00
3.99988933351625331e+00
3.96912604189519502e+00
3.93883831908572146e+00
3.91011432104011192e+00
3.88455792224118124e+00
3.87647301918787868e+00
8.01678988902284839e-01
1.16201915256712751e+00
1.41822570339900556e+00
1.80184285888946061e+00
2.12902429041893448e+00
2.42064954303680091e+00
2.68252590931505797e+00
2.91787521256551097e+00
3.12944287520962527e+00
3.31993775859049789e+00
3.49231057483643514e+00
3.65160072885390985e+00
3.80033606122806900e+00
6.85063183219713823e-01
6.98649096886894583e-01
7.78312544412586460e-01
8.83159190712438869e-01
8.96174011076804944e-01
8.24252344541641535e-01
8.80713361436448183e-01
8.14898158452210586e-01
9.15509030060478013e-01
8.73556296952531897e-01
8.53167221583225222e-01
8.92498552718489435e-01
8.28293069106581514e-01
7.96042536542199253e-01
7.55181972280577263e-01
7.32086406134159873e-01
7.13057188684524834e-01
7.08473676625315685e-01
3.79945449100872112e+00
3.65018754778531829e+00
3.49010036527784484e+00
3.31648342628929793e+00
3.12436090247764930e+00
2.91111061481971234e+00
2.67433468666155960e+00
2.41124126196457800e+00
2.11806445545963440e+00
1.78676208351741761e+00
1.37991970052606838e+00
1.08608592569113949e+00
3.87506192953687645e+00
3.88057284353730036e+00
3.90394093046032653e+00
3.93655584014838267e+00
3.97629452256296378e+00
4.02015407251422996e+00
4.03073149379083606e+00
3.98436739387333771e+00
3.94246531899294883e+00
3.90740007153478430e+00
3.88174121043766807e+00
3.87507401130945039e+00
1.11023694473870704e+00
1.41083507295444299e+00
1.74581314399745757e+00
2.08325798261873807e+00
2.39006592473965451e+00
2.66455966009744571e+00
2.90910570707326510e+00
3.12643431829962104e+00
3.31941789260108289e+00
3.49207031741371399e+00
3.65101551527132528e+00
3.79978913588453171e+00
8.17921581295574240e-01
8.03682102071853532e-01
7.80262086495768337e-01
7.56161025568285128e-01
7.52750063277914938e-01
7.10995045378315149e-01
7.39313424570461453e-01
7.50622301249373791e-01
7.59354624326264105e-01
7.72358719814228212e-01
8.02666423268182827e-01
8.25745390860543216e-01
8.28314943420759398e-01
8.43811125585601118e-01
9.02473964544574070e-01
8.74918466984884069e-01
8.53202790002302702e-01
9.54897140171935610e-01
8.18654313605374107e-01
8.01295756416286031e-01
8.09438169028706911e-01
8.04885289490459233e-01
7.62538378588733079e-01
7.36096103247768418e-01
8.64064193365219779e-01
8.00031722658705924e-01
7.80764151760403813e-01
7.30564691162737478e-01
3.75154513736257567e+00
3.58841630399092804e+00
3.42626698272457286e+00
3.24671758859288895e+00
3.04803742338862893e+00
2.82812922656272248e+00
2.58374048745312468e+00
2.30995951731855698e+00
1.99991480800806265e+00
1.65294648890307938e+00
3.75236131687981578e+00
3.78586577405975788e+00
3.82294183092694739e+00
3.87294781872108240e+00
3.92699475685249277e+00
3.91891070196391977e+00
3.88421273780998133e+00
3.84976509409661460e+00
3.81409002650174145e+00
3.78454875762925846e+00
1.29645439130741025e+00
1.43458371663090345e+00
1.74701904889091986e+00
2.05687057450042188e+00
2.34384827709963961e+00
2.60617576655218652e+00
2.84434052203517140e+00
3.05959163281980562e+00
3.25408385425743996e+00
3.43028344012170949e+00
3.59039413978189170e+00
1.04941299593310711e+00
1.17822931020966748e+00
1.28434474671896304e+00
1.31824571724824846e+00
1.24159917991904201e+00
1.18634923956448790e+00
1.36307916197043366e+00
1.38174635568371684e+00
1.34863288906722789e+00
1.31720191210490967e+00
1.29971693908044728e+00
1.26756783444374421e+00
1.16441155664763585e+00
1.20528808919337260e+00
1.16717206973399601e+00
3.74955381372428942e+00
3.58650260229013096e+00
3.42436840801937636e+00
3.24494124611297030e+00
3.04644797399990663e+00
2.82747903328351580e+00
2.58629310377800925e+00
2.32093780380741777e+00
2.03005107310292221e+00
1.71779339114606189e+00
1.44261731627462231e+00
3.74907757569071975e+00
3.77667876982319539e+00
3.80684180517283455e+00
3.85180531182212205e+00
3.90170698108689784e+00
3.95371507239294484e+00
3.91482332776112507e+00
3.86362243651238568e+00
3.81598667255748270e+00
3.78101217536559808e+00
1.13370600126390642e+00
1.54510917408377457e+00
1.92664691627326490e+00
2.26037919734193959e+00
2.55601259953951621e+00
2.81755606625596977e+00
3.04858267441484410e+00
3.25131132087951125e+00
3.42885885422037484e+00
3.58774663123116788e+00
1.22193594777551562e+00
1.17932081028403535e+00
1.17908176962377342e+00
1.18122101690937864e+00
1.18238532444480327e+00
1.18660714288415070e+00
1.19810280987646722e+00
1.20436748997016574e+00
1.20382827926038738e+00
1.21736918487088097e+00
1.35946022852192927e+00
1.27600680447958226e+00
1.29237025176484099e+00
1.36988335349658463e+00
1.37793291194853840e+00
1.38701755313753128e+00
1.36857423176830451e+00
1.50116962190851977e+00
1.31720050411839429e+00
1.28679492717342314e+00
1.29160683352240624e+00
1.30128291407284258e+00
1.23576479315269472e+00
1.18394727316139958e+00
1.24829149309829113e+00
1.17351731427399275e+00
1.18852053043924899e+00
1.12085788051232838e+00
1.06792402107916984e+00
3.66696358099389652e+00
3.53793598217813532e+00
3.37172797910776900e+00
3.18536125752565269e+00
2.97911569074552807e+00
2.75178858784755942e+00
2.49948136215120487e+00
2.21421363201603016e+00
1.34069509083032212e+00
1.88214533349807422e+00
3.66838599555017009e+00
3.66947004889973716e+00
3.73950670265743712e+00
3.79822643378753311e+00
3.83273138651851397e+00
3.79345998889534242e+00
3.75543255924145258e+00
3.71753857183710767e+00
3.66185100459860546e+00
1.60315978777531587e+00
1.80338337923530712e+00
2.05617773466804410e+00
2.31654279538335217e+00
2.56596514733674264e+00
2.79859411601857300e+00
3.01159741696248684e+00
3.20479436010795604e+00
3.38106921314918374e+00
3.54166752084286074e+00
1.52784454995168084e+00
1.49657697158103220e+00
1.55942347602234510e+00
1.51951133292811380e+00
1.68843278327219481e+00
1.65512099660522516e+00
1.61966250763120323e+00
1.57548797182930111e+00
1.55648723471027450e+00
1.57903647086806820e+00
1.52561725953399385e+00
1.10727949680683180e+00
1.44029212831868403e+00
3.66337470942706078e+00
3.53471917399686397e+00
3.37021880606218360e+00
3.18732262079268036e+00
2.98684184791833029e+00
2.76868350541438657e+00
2.53190839177513372e+00
2.27674196075564428e+00
2.00637072096442948e+00
1.73043700828942137e+00
3.66079101621330016e+00
3.65034771125255642e+00
3.70995725659923359e+00
3.76842820432144299e+00
3.82782857846677560e+00
3.84650143917129572e+00
3.78625498210586908e+00
3.73039638303416021e+00
3.66225099743387350e+00
1.20573908583842737e+00
1.39485555890138846e+00
1.79141663086877556e+00
2.15220645668695898e+00
2.46732390872277785e+00
2.74340813065305156e+00
2.98554627603139844e+00
3.19937877888364319e+00
3.38065193239186890e+00
3.53563731253392666e+00
1.37305760788186504e+00
1.40655279387765120e+00
1.41667114610588496e+00
1.42394554290046305e+00
1.43166370823577460e+00
1.44303412635537587e+00
1.45731776014991521e+00
1.45366226372579943e+00
1.43873714606195180e+00
1.44293975639743666e+00
1.37946516490711724e+00
1.62337455960429766e+00
1.65118309372580008e+00
1.60945179359745283e+00
1.52359321526502445e+00
1.58306093244085400e+00
1.63529408316559732e+00
1.57152814076539982e+00
1.60481902816686839e+00
1.58093946666329166e+00
1.31828715122493811e+00
1.73132192619669434e+00
1.32162086765329634e+00
1.44891944137278039e+00
1.43662265404219980e+00
1.22645927748308914e+00
1.46532230866138757e+00
3.49212054373910075e+00
3.31657311245408293e+00
3.12083178678759632e+00
2.90850243335938696e+00
2.67639948811411132e+00
2.42075015121188786e+00
1.50087337355668105e+00
2.12603308570395377e+00
3.61250548907458002e+00
3.65632520668937744e+00
3.72450190323595587e+00
3.69609056778801870e+00
3.65285041055321935e+00
3.61400550526381137e+00
1.93202687840611542e+00
2.12195962541263672e+00
2.34205058558422907e+00
2.56628667317164716e+00
2.78318026434446786e+00
2.99052582867577721e+00
3.17665602818853898e+00
3.34658102005995861e+00
1.84389353893896435e+00
1.90734752402153007e+00
1.88746755832414070e+00
2.03017215618893010e+00
1.96209152299000467e+00
1.96047682269020274e+00
1.89687778363262693e+00
3.49728586784877393e+00
3.32985452712349916e+00
3.14557188467264126e+00
2.94962275592316114e+00
2.73987919101864463e+00
2.51707220879146565e+00
2.28399268260685906e+00
2.04546679990612645e+00
3.55197870678458116e+00
3.61964838913297671e+00
3.68726918151966299e+00
3.75447725989838910e+00
3.70940436477663527e+00
3.64553424797021730e+00
1.65659105458393641e+00
2.06192749421643917e+00
2.40041394043356249e+00
2.69007684010129777e+00
2.94189194735938209e+00
3.15825992402256084e+00
3.36527594588205892e+00
1.74352002178071808e+00
1.75892794956013643e+00
1.76877805021644807e+00
1.78186179761150409e+00
1.79698083207467652e+00
1.81504842945353673e+00
1.85892228751666710e+00
1.78719385303840994e+00
1.79211596008981866e+00
1.86314351225130714e+00
1.79038504247108743e+00
1.87914745398590965e+00
1.90137408994945889e+00
1.83931602381400960e+00
1.95424286610890574e+00
1.62426190174856933e+00
1.91427838509951775e+00
1.81362504983199280e+00
1.45186126757450618e+00
1.80337251310233171e+00
1.55188681598460820e+00
1.83650968303376283e+00
1.59870826468988247e+00
3.59012614293740251e+00
3.44885773106906601e+00
3.25115922807574531e+00
3.05327435038273398e+00
2.83608206220552050e+00
2.60536565431466549e+00
2.36154495383913776e+00
3.48711094154388590e+00
3.56861136790115197e+00
3.59355925816386979e+00
3.53913536000790518e+00
3.49550817686148907e+00
2.22815518472181395e+00
2.41330360886090256e+00
2.60753502006029381e+00
2.80011086314706859e+00
2.98665757805787146e+00
3.18951288967358471e+00
3.50697742254361433e+00
3.31961848750552857e+00
2.10439662989907372e+00
2.21382642811014030e+00
2.17406948972338565e+00
3.60351701542506175e+00
3.47868533200116525e+00
3.29679973395117498e+00
3.12303366917881986e+00
2.93812026282584560e+00
2.74397044464257700e+00
2.54373871793468087e+00
2.34277868383847876e+00
3.49828374572030709e+00
3.45638443219745151e+00
3.53171493198541375e+00
3.60680645145382073e+00
3.63355927265363965e+00
3.55704314465261318e+00
1.99438794670762243e+00
2.34856824361258498e+00
2.65792941675724981e+00
2.91197062021701569e+00
3.14947437831917387e+00
3.29939634814642346e+00
2.07938166450563688e+00
2.07817048089680645e+00
2.09025453877624257e+00
2.11372827013594478e+00
2.13011816930441711e+00
2.14002917158750927e+00
1.94683624517915144e+00
2.01673945773257701e+00
2.16093913853516995e+00
1.95236793680677456e+00
2.02419946291600672e+00
2.25093449235972587e+00
2.14929598785739717e+00
1.97844164409900425e+00
2.14753267714406837e+00
1.78213530888855720e+00
3.34916170604873198e+00
3.18890010675708657e+00
2.98271742172037202e+00
2.75667985288397333e+00
2.54634845776904495e+00
3.39518106691329358e+00
3.48764002833782971e+00
3.42475412588305073e+00
3.34337220297796645e+00
2.07978630180550761e+00
2.41106667557730514e+00
2.67428912786686857e+00
2.85130519463782584e+00
3.01362074809116853e+00
3.14527749017549407e+00
2.03973730939267606e+00
3.41499262424936889e+00
3.28533850109621017e+00
3.12300308822280215e+00
2.95333541863554938e+00
2.78074056741139231e+00
2.60908250726793689e+00
3.36060356157670492e+00
3.44448213799763892e+00
3.52726292767977512e+00
3.45662342060004812e+00
2.30418814687935258e+00
2.64752663129621713e+00
2.92501336016411706e+00
3.08664276119130543e+00
2.35149111809572098e+00
2.36469186396979536e+00
2.37715827642845356e+00
2.44378337422188618e+00
2.05756201676971928e+00
2.23746246813779504e+00
2.27272017204835963e+00
2.24796191678506574e+00
2.44848773984434098e+00
2.31258941977810384e+00
1.88723280859961196e+00
1.95356371911622739e+00
3.12413990789757978e+00
2.90387458957242339e+00
2.63226144183163768e+00
3.31101379008356966e+00
3.31566632817635787e+00
3.24114255188055234e+00
2.73719210441489791e+00
2.96198428718402162e+00
3.17764202185270639e+00
3.29478930889494226e+00
3.14321222226269681e+00
2.99392380722846374e+00
2.84718590093052271e+00
3.26464898628763311e+00
3.36145027121862494e+00
3.43246722319040209e+00
2.58436378228457286e+00
2.89293457785389441e+00
2.60769559040080079e+00
2.21153337069731304e+00
2.50631733129720580e+00
2.70206082461787656e+00
2.59157296013785921e+00
2.06961480663311947e+00
3.05011654929771492e+00
2.83841827051849194e+00
2.79631461145533056e+00
3.00264058562419622e+00
3.29518408834591936e+00
3.16458493878701530e+00
3.00556041415978648e+00
2.79569429621053800e+00
2.50733930518896653e+00
3.17186227412053778e+00
3.08106115176752926e+00
2.59761666217361809e+00
2.83914517361263208e+00
2.70791475574941831e+00
3.16094644735823138e+00
8.01791530946562858e-01
6.52642118791200487e-01
6.55996035770467500e-01
1.14875920947680088e+00
6.74819381468557355e-01
5.46237717642790166e-01
1.10351178876975320e+00
9.04552630984307382e-01
1.00068692966440964e+00
3.81014042992252888e-01
4.39056213563294717e-01
7.87693571312428675e-01
5.78976876130317786e-01
5.95096179242831091e-01
1.00068692966440964e+00
1.13448991331408622e+00
8.22196609292057179e-01
6.58034042828138377e-01
6.43747040210901122e-01
8.75823667998782862e-01
4.20485926120615139e-01
8.49892634705752048e-01
5.02970590870783107e-01
6.70584170354384890e-01
5.28921269970846430e-01
1.50026178920353592e+00
3.31867152955130695e-01
7.56395833238294735e-01
6.05771110064951324e-01
1.03100669983849080e+00
8.88618023868996687e-01
7.61845323800314556e-01
6.81014318259700269e-01
6.66712584261529795e-01
5.88012259143362526e-01
1.29006289286358689e+00
1.14573370421394838e+00
6.82874666513529460e-01
6.05875672093677653e-01
5.76011203477121314e-01
3.27917689476926844e-01
9.92866748101809526e-01
7.44570431939730604e-01
5.44722933520244923e-01
5.63466045047822606e-01
1.00496468981104803e+00
5.50282106033929574e-01
9.62085442566043558e-01
1.12913791706205591e+00
3.12549030426645280e-01
1.06105069866769108e+00
5.47756038649935384e-01
3.03498634206944840e-01
1.08723254162980876e+00
8.21543606386354597e-01
6.57763582963942883e-01
3.14008346566078012e-01
5.66062665856388758e-01
3.61524795223756357e-01
4.00934999527766511e-01
1.22106815311369177e+00
6.62742017215951496e-01
8.06566197513025385e-01
6.32392762619862436e-01
6.72889762692418070e-01
6.14285756549956874e-01
6.19905952827781381e-01
7.20869348826317591e-01
4.68448861991367593e-01
4.55955352127888069e-01
7.20252375173450865e-01
6.77979729199678527e-01
8.39338628531335340e-01
1.00068692966440920e+00
8.96541552382531082e-01
1.23440809774378768e+00
7.12158966926486725e-01
3.00557087127489297e-01
5.46237717642789611e-01
6.55274220341364400e-01
5.28757762512637175e-01
5.11657033103586234e-01
9.83949312925642472e-01
3.05057833058475336e-01
5.49599366560196589e-01
3.00145933635246775e-01
5.39673737935956965e-01
9.71963860659841528e-01
5.39011264817347846e-01
8.64860440317408941e-01
5.56567256816110190e-01
9.63791879782456284e-01
1.39399702696919925e+00
1.07607921908970505e+00
3.07247412840461753e-01
5.33065604347400690e-01
5.46237717642792164e-01
3.01184266573539638e-01
8.22667487570664546e-01
9.46843154636213269e-01
5.76499898612937489e-01
1.09442261588767331e+00
1.25027323510399446e+00
1.24173335276020080e+00
6.97052915941374973e-01
5.03514435205828281e-01
1.14606191216015652e+00
9.53801009995852933e-01
5.46237717642790166e-01
9.62628989847612582e-01
5.31275076621073872e-01
5.58311862996236585e-01
3.19443099220773574e-01
7.24279080408952614e-01
7.40070859054227981e-01
7.76273281852685404e-01
1.60437454700673943e+00
1.49284120479345250e+00
4.95258877205331960e-01
6.84673622683189098e-01
1.28304792779835997e+00
6.71905896940785730e-01
8.71334320177412192e-01
1.15048841828708603e+00
6.76444017651125495e-01
1.38070491073409318e+00
9.01926154223862908e-01
1.13608738522549535e+00
8.67455539715657253e-01
8.63775370515239560e-01
9.53523889841960015e-01
9.81119049688353506e-01
8.58893115043484201e-01
8.69652252751820010e-01
1.10251317457656572e+00
7.13151354983450392e-01
1.31217356188054346e+00
8.93497519162024689e-01
9.82870828329005630e-01
1.04272561475984027e+00
7.27270373583897012e-01
1.12498385104713639e+00
7.29993401503869932e-01
7.02634328486471116e-01
1.13675262567607493e+00
6.94364492357904206e-01
6.12562968476075831e-01
6.75546214830804348e-01
7.43513046890229123e-01
1.29515153751287171e+00
7.03139038037496666e-01
1.11227716334448168e+00
3.43198003806498508e-01
1.35695119129602082e+00
6.85991267336564237e-01
7.54902400385866645e-01
3.26991683656417176e-01
7.04709947067307052e-01
1.14266520593754173e+00
5.79406990859257731e-01
4.44378058032772583e-01
5.92177962456533979e-01
7.55008480473297938e-01
7.84772131053736555e-01
8.74116077359728516e-01
9.11435514548170733e-01
5.63854294818174395e-01
1.00068692966441120e+00
8.19246454221458809e-01
4.27450185084966350e-01
5.97999461775409968e-01
1.00349906964893298e+00
7.45601276163858184e-01
1.06329303060655778e+00
3.02007221295732875e-01
8.33301205403697787e-01
8.07195276728949196e-01
8.26179753042293297e-01
8.86476698529550688e-01
1.16349096504612448e+00
1.05081861570581125e+00
1.16938224213773156e+00
1.69995433409014307e+00
9.80024601562205167e-01
6.71513629852076299e-01
3.62912700088451057e-01
6.95772741423318131e-01
3.77535922382233824e-01
5.82553777010485607e-01
1.16556953001643082e+00
9.70732109992787917e-01
1.17505659529312556e+00
8.12250335867748419e-01
5.62667350172062708e-01
1.16807278088919420e+00
9.77385966536994832e-01
1.01499569417521962e+00
6.57989589453631174e-01
3.93397873030784995e-01
5.44761994913223968e-01
1.22023426681412928e+00
6.28757385853091932e-01
4.10214377748142012e-01
1.38188160418562966e+00
1.22693668046020066e+00
1.24960901449401218e+00
1.02639315433491296e+00
1.04573860921130146e+00
6.59724504428494063e-01
5.59999229398005616e-01
4.71179588216400713e-01
1.26678046364206720e+00
6.73968341647663394e-01
1.07468122271217426e+00
7.20980570350519101e-01
4.75900963492796869e-01
1.32628500067601740e+00
6.84058625942139509e-01
6.92992444855261236e-01
1.24143243910639178e+00
1.05388131443241440e+00
6.56095143772148282e-01
8.92049310332010403e-01
7.24604556158240154e-01
1.20494155379904222e+00
1.28994050138660676e+00
1.10536115042016725e+00
7.44100333601251052e-01
1.29160116101182809e+00
9.84479655550452026e-01
5.28399238907774293e-01
5.63048234639159650e-01
1.17133296518482766e+00
1.10724371283785183e+00
8.88393388948376828e-01
1.02763296236078916e+00
1.05085677422527635e+00
1.27843097424823093e+00
9.59114885602262435e-01
8.51980878295121258e-01
6.90147141838909794e-01
1.24351727933327805e+00
1.03848035458792554e+00
9.54465697431472249e-01
3.00057187148539461e-01
1.10068340329708003e+00
1.07006691838930323e+00
9.95023331378108278e-01
1.29540163625477445e+00
1.07532300271865466e+00
1.12782049805905049e+00
7.14168819528408605e-01
1.10341268881207411e+00
1.11690076372362057e+00
1.43845737521308825e+00
1.11159542891437813e+00
1.11611701949600572e+00
5.87455118899212092e-01
1.06830855655874224e+00
5.71047281204175583e-01
9.43108703450238783e-01
1.31166879016496973e+00
9.19049259690455811e-01
9.09806456421950793e-01
9.29258550059655519e-01
6.80846912778091617e-01
9.66376036112224002e-01
9.82133758905695320e-01
7.64604991077502794e-01
3.08289947379124296e-01
6.67701901131498521e-01
1.31584421988412092e+00
1.39908375645137184e+00
7.09138864469056496e-01
3.40364048716411516e-01
3.66641088390167902e-01
1.04345849593665041e+00
4.27834683550845862e-01
1.06056912813142379e+00
1.12634637012803518e+00
1.00899402500962987e+00
9.83387507349186674e-01
9.95059866757985745e-01
1.36323911505225981e+00
7.36316884050759235e-01
9.04597248293637968e-01
1.15636628140169084e+00
9.23695798921778888e-01
1.14487705288468766e+00
1.36890500602546239e+00
1.18707997131191467e+00
1.05712584882237381e+00
6.43802097900666004e-01
1.05969387596124598e+00
6.74077807406863627e-01
1.51041071111677616e+00
1.40955203635050053e+00
1.03829509053308744e+00
1.25008589009579474e+00
3.00122942901730694e-01
1.22253543176804369e+00
1.27696838424680492e+00
1.09733987618209672e+00
1.26127683388066236e+00
7.84865677809153395e-01
4.75740581507039462e-01
3.97882908618339359e-01
1.20169369745722121e+00
9.29791926857616136e-01
6.44519419132237426e-01
1.29390045110387120e+00
6.23304724631007945e-01
1.32317838605967752e+00
1.09530531364923434e+00
6.00712693927916486e-01
1.27889786211654499e+00
1.11494300168984850e+00
1.43297735197330267e+00
1.12175364950646106e+00
1.38158775596754024e+00
3.97131702674997589e-01
5.06531290106967846e-01
1.39642058403288427e+00
9.81429803192310768e-01
9.65528104847594326e-01
1.18097503666829873e+00
7.80012328088644180e-01
7.95964209565065528e-01
5.63110874557305907e-01
1.20871794573264335e+00
1.35755422949759907e+00
8.53713403005114779e-01
6.11002417658777386e-01
1.27850037573811881e+00
9.61998178879841292e-01
5.23450532457283568e-01
1.46968430829523933e+00
3.09319163066691494e-01
1.35208794932667642e+00
1.03137307380338217e+00
1.18940439615294857e+00
7.24973342552189925e-01
6.70186784561702664e-01
4.53780410592992400e-01
1.14675404409739090e+00
9.88568201374671052e-01
4.57163362159559439e-01
8.83198098344324611e-01
9.75245414688339585e-01
3.62793098629966615e-01
4.66696529741292387e-01
4.31289338429227620e-01
1.10826972915619071e+00
7.89814759638193808e-01
7.51037749670632415e-01
8.40860286879342445e-01
9.93280698360681114e-01
9.65850409265834209e-01
4.72173576297166608e-01
1.13537267258286079e+00
3.49682266780132478e-01
6.79122677615512815e-01
5.39335128351172033e-01
1.15513751216520855e+00
9.55818061142932107e-01
1.05204028911121528e+00
1.30314992723982592e+00
1.06126660126503092e+00
1.14668619519355763e+00
1.10460809651014547e+00
9.79949030024092504e-01
6.83204840788459222e-01
1.03437966483714172e+00
9.61113062245450678e-01
9.05790266058233318e-01
9.74577672639050596e-01
9.97391101742336805e-01
1.07161493286434140e+00
1.09455022572714689e+00
1.44458944540355261e+00
1.02666523718914426e+00
5.92351319938286602e-01
9.46021341393758153e-01
1.06036731106848370e+00
4.69278047854410518e-01
1.34656257568923987e+00
9.75518132646902236e-01
1.09805986164223590e+00
1.07038656890535466e+00
4.70561004701236740e-01
6.87168887397660466e-01
9.52293715456309586e-01
9.64363723623450353e-01
1.26930994201143355e+00
5.25036624587024603e-01
9.94138889920546109e-01
1.24241027383236124e+00
6.16556547177898873e-01
5.63272044512184822e-01
4.59661327088585758e-01
9.77786094520126658e-01
9.12347947501324974e-01
5.60061675945658699e-01
3.37995462855374185e-01
3.20732064613823642e-01
6.32832677183863157e-01
4.98236401558649789e-01
5.16061106271865411e-01
4.32388802721629606e-01
4.12861387230773980e-01
5.34658864333286354e-01
4.75873639325662234e-01
3.74133393674935200e-01
7.01507185638504893e-01
6.46113868096925392e-01
4.33627517449455269e-01
4.62762780079557623e-01
4.59618711261796542e-01
5.39310315607988033e-01
5.13966044321922499e-01
4.61999787739267753e-01
5.54058605549645145e-01
4.51633061893172094e-01
5.46976992671560081e-01
5.63520211041816044e-01
5.91490231899977292e-01
5.29907179156716701e-01
3.98562993833238899e-01
5.36865450572243330e-01
3.38869294399875731e-01
4.36434709993506531e-01
6.04053021836563619e-01
4.97859340435158559e-01
5.30642909956129616e-01
5.00104894563475399e-01
7.11033034285219134e-01
4.62363855146030955e-01
5.91236963435146201e-01
4.05121912838510179e-01
4.31752511688838270e-01
5.53060583025535180e-01
5.46727072875957232e-01
6.57360864452435800e-01
3.03103048941174402e-01
4.15673603381004286e-01
5.43954765208590763e-01
4.25230696289490506e-01
5.75354627720549017e-01
4.89435922951546254e-01
5.98611635517475205e-01
4.92936126664889229e-01
4.77059117773747543e-01
4.79911634776245155e-01
4.74191636902745184e-01
3.46611345495148659e-01
4.68532091164105990e-01
4.51703628570882754e-01
4.45926444581427051e-01
4.37794130503991685e-01
6.04034215028599775e-01
5.57273259787154140e-01
5.01842663303588843e-01
5.65596081658402583e-01
6.07312394995889071e-01
6.32891893131512617e-01
4.59729687570835266e-01
6.22616678175917926e-01
4.29604174098296598e-01
4.06649949361959639e-01
3.89017510157836477e-01
4.94156645559798102e-01
6.09984750127878339e-01
5.61601049800424468e-01
4.08748303251297740e-01
4.08894024582018956e-01
3.00030397521241332e-01
6.47511480077732737e-01
3.85982216599693118e-01
6.12135496747352015e-01
4.30754312971086739e-01
4.25858160536385810e-01
4.42896877097502695e-01
6.41255219124650777e-01
3.16901035030166145e-01
5.45447366897152452e-01
4.28357036211994280e-01
4.28530831134230461e-01
4.28982905853601548e-01
5.70393997547434362e-01
3.56802287821296749e-01
4.85849388138773541e-01
6.65951817530870516e-01
5.04236093796739837e-01
6.13299153248130446e-01
6.41545171835059214e-01
5.78767460362398012e-01
5.16425494689131681e-01
5.22999160466147694e-01
3.95957831217162659e-01
5.34964793952763196e-01
6.38874776768556418e-01
6.23694015526101708e-01
5.46875882818012693e-01
4.20408297642831663e-01
5.42962150437187208e-01
5.21817925130790838e-01
4.43488339514958640e-01
4.34960494517815821e-01
4.69235851843862517e-01
5.99171424135833020e-01
7.00472485011043089e-01
4.79514703344244342e-01
5.82761208200104019e-01
4.32522281731475111e-01
4.31213946292511474e-01
5.41825704478984260e-01
4.23207377555829045e-01
4.86135182403077792e-01
5.08910254030687681e-01
4.24775117321674667e-01
4.90466424544598323e-01
3.00229050896218652e-01
5.98042379393777135e-01
4.83475009287359869e-01
7.96716451682973226e-01
4.74111705981388909e-01
3.03509242376446886e-01
4.16782325141453525e-01
5.76878664291367582e-01
4.30660629107180226e-01
4.29110476487012171e-01
4.73401341849205348e-01
4.05959538807377562e-01
4.07891252949837857e-01
3.11368993133732008e-01
3.01257199648692520e-01
3.73499087060290891e-01
4.58551646771462429e-01
5.84132252793742923e-01
6.36970450471164407e-01
6.77325661433542114e-01
4.22383731972133969e-01
5.44093319046004442e-01
6.63435816544308166e-01
6.33195406562473195e-01
4.29804506509696538e-01
4.37135211165186777e-01
4.23582847688427244e-01
6.34334541522478479e-01
5.21549723394937770e-01
4.40238058544865862e-01
4.19500466082726287e-01
3.01637841677669050e-01
4.15184074545356163e-01
5.72241481838135058e-01
4.08174389427048867e-01
3.00808668884839869e-01
4.75619409739322707e-01
5.85374178219660202e-01
5.49849637294935634e-01
5.15901654628134199e-01
5.30246465228145780e-01
3.85994868148248294e-01
6.29378087863921798e-01
4.65689316917822616e-01
4.48420416491506213e-01
4.24775117321675166e-01
5.68015617193059708e-01
6.35017651129123450e-01
5.24295951546756900e-01
4.31825672657039084e-01
3.21413115350509593e-01
3.17571533153732988e-01
4.31916978937649687e-01
5.39205166850022732e-01
5.76560569769456799e-01
5.38253946273651640e-01
4.35284012179539159e-01
6.70449752474730598e-01
3.90834360843316908e-01
3.05175287109356541e-01
3.88052041998807273e-01
6.95503839336882868e-01
5.71108810665170052e-01
5.81927276730210497e-01
5.44706444215197205e-01
5.25741801784968432e-01
6.47383025365151799e-01
3.35324596627245175e-01
5.45857951146332399e-01
5.56589565970881939e-01
5.79277464357429661e-01
6.52771360918486865e-01
4.14507042152458094e-01
4.24775117321678275e-01
5.58577538529598350e-01
6.41745673669460892e-01
3.01176349208099325e-01
5.89795287028904269e-01
5.90319549367531615e-01
5.64505245041979631e-01
3.34780374069653941e-01
5.74512693207488101e-01
5.29961912626746079e-01
4.22494599491314127e-01
4.88789173317068948e-01
4.71685571418056948e-01
6.38780012102695638e-01
5.68369629177901570e-01
5.25338608215804914e-01
7.21695202949559134e-01
5.97827529326414586e-01
3.99932109581854212e-01
4.26670039305550475e-01
5.59062914728899241e-01
6.44927509523455345e-01
4.32609177487820296e-01
5.82696116153015531e-01
3.38902948157559392e-01
4.67591502541639503e-01
6.62173372699536578e-01
4.69511585624499739e-01
5.68755251713774945e-01
4.53464803766143065e-01
3.30781491033559194e-01
3.59552133438188926e-01
5.64835015567070386e-01
6.51055666527426524e-01
3.14321553656617791e-01
5.47150375913570852e-01
5.03682152920404747e-01
4.55562450569828581e-01
5.10367519955291171e-01
5.31103478472690904e-01
5.55907530964076746e-01
4.70636649942633323e-01
4.01088813728305738e-01
4.56094821315187970e-01
5.33524395117043637e-01
6.86222142793786349e-01
5.72141694995548677e-01
6.18663951215869368e-01
7.48386203995289545e-01
8.04758853066422475e-01
3.06211654127195532e-01
4.28094135545772914e-01
5.51416964550785593e-01
6.49844155868391282e-01
4.07063662064885146e-01
5.51206560649780020e-01
6.63486424079102743e-01
6.51545244676722368e-01
6.43173914647581224e-01
4.92064302999335679e-01
6.78039535437571006e-01
6.84863610667875045e-01
4.31013183195819161e-01
4.29918415222538763e-01
3.66444694811344840e-01
4.67410581855895901e-01
6.16591858271078208e-01
5.17631280864584209e-01
5.61947337894594279e-01
5.47948938145804698e-01
6.27268760574044126e-01
5.92496002137755329e-01
3.59467770392060793e-01
4.72975015739781401e-01
3.81392210426539091e-01
5.43698415380087896e-01
4.45813320734343654e-01
3.73757267243164604e-01
4.96710528769924275e-01
4.23133566517169324e-01
6.06321227718001898e-01
6.69792481681732776e-01
5.24248570180701812e-01
6.29949278590044237e-01
3.97530807147187415e-01
5.15500802389663004e-01
3.89328298343679879e-01
5.34186074545740519e-01
4.05947491298527918e-01
4.05891706310830658e-01
6.32415814070937499e-01
5.25226788633096131e-01
6.30093001652827889e-01
5.31478913898496441e-01
4.02823611028628625e-01
6.62787945844022119e-01
4.14816289318771625e-01
4.48002845843775421e-01
5.56501978755078008e-01
3.14123752167316916e-01
4.58979402225624056e-01
5.61543889421531772e-01
6.57585377585394704e-01
3.11074319970425839e-01
5.24530569539809810e-01
5.40432096513275839e-01
6.30224425063573346e-01
4.75545487877473472e-01
3.89308453501772456e-01
5.77905513042494934e-01
5.87106522351413807e-01
4.04975255685300684e-01
3.16963644992610427e-01
4.21812081745540635e-01
3.24956985433928813e-01
5.20565981028649816e-01
4.79805291932940858e-01
4.52129123008981115e-01
6.57077742523419550e-01
5.53768943501335542e-01
5.34118671150082491e-01
4.36658226692905882e-01
3.00139153758894772e-01
5.20662534896339069e-01
5.91991403740729227e-01
5.44679261484101174e-01
5.15701144261446309e-01
4.33087457390925412e-01
5.60520878851916371e-01
5.02051408331951388e-01
3.00006469216004490e-01
5.95089846150330892e-01
7.41661280259482414e-01
4.62743380211720734e-01
5.19397324987719511e-01
4.95747157068774813e-01
3.06168013097221858e-01
4.49085736384582990e-01
4.66444252600735243e-01
6.61311449291001718e-01
4.11320592644456196e-01
6.64464488351211413e-01
5.80683176730205974e-01
5.15636685359331493e-01
4.23451140389507930e-01
4.49558708416230024e-01
5.37614370605449921e-01
3.10759448983022102e-01
5.46297778536669498e-01
5.01578906308022154e-01
4.25473641925240897e-01
4.38643404989715047e-01
4.56097423273931435e-01
5.83607508270735043e-01
4.17602224000852285e-01
4.62998597952055890e-01
4.38544198128484997e-01
6.28064612746367823e-01
5.07101058578188768e-01
4.79989191877732368e-01
4.42104469464178029e-01
5.40695751471444441e-01
3.46373723275829604e-01
3.06886590365965883e-01
4.14225953165365202e-01
5.89878380629040966e-01
1.41595178616583595e+00
5.39502054829291033e-01
5.42057634385864295e-01
4.57659665209185995e-01
5.20752673637211005e-01
4.34526301154932015e-01
4.74970606779366256e-01
6.63199611673624734e-01
5.10284462316807463e-01
5.35150564419201613e-01
5.25974982283929027e-01
6.78167287060351232e-01
6.11344707502907481e-01
3.30285699881373407e-01
3.00280870660352750e-01
6.33295119112611715e-01
6.48626466954022707e-01
4.38803811954988632e-01
4.25466578879948987e-01
5.33375779903048630e-01
3.52849439122822850e-01
6.59071499409698447e-01
4.06820870331092987e-01
4.79434587960081426e-01
4.83012356164921663e-01
5.00879846369205461e-01
3.04295537960137419e-01
4.02227434971494768e-01
5.43633463756227231e-01
5.13870707289444839e-01
5.63783702041544266e-01
6.16630772127283455e-01
4.73130946217874881e-01
4.68805990620523583e-01
3.73999504744647715e-01
3.25650101711198958e-01
5.10346148915686637e-01
6.10916125867809745e-01
5.05384309333353654e-01
5.37674608184626091e-01
4.26835437959749209e-01
6.22491380098674663e-01
3.00772126891018343e-01
6.12379776029196909e-01
5.67208930187478311e-01
3.25516526093682368e-01
5.70467450079045868e-01
4.84166930955842567e-01
3.66317711579807581e-01
3.47623863796530208e-01
3.76073369601197305e-01
4.34666013975574028e-01
3.89738620158464888e-01
5.61527723323284600e-01
6.95522506509379301e-01
4.21610930585580523e-01
4.71356972223955173e-01
6.57038040016288960e-01
4.95625735596975536e-01
4.51966055551847212e-01
4.14185528495565114e-01
3.23405073159684253e-01
5.69572447161093343e-01
5.61651675339081113e-01
4.22590231568073071e-01
3.00005028251632500e-01
7.69362347510503919e-01
5.61254226574852799e-01
5.37574179436867361e-01
5.41291102561644033e-01
3.02791793494275041e-01
3.08424142225122322e-01
5.55932878459620361e-01
5.56168076469413797e-01
5.54183822788112179e-01
3.40767717746504717e-01
4.24775117321676221e-01
5.01485958130547305e-01
6.15991873203448392e-01
5.19056166714373379e-01
3.71389420630981681e-01
3.54443153825817869e-01
4.11676752759625453e-01
